1292
1352
1392
1408
1385
1390
1362
1328
1280
1265
1214
1193
1152
1010
937
897
904
949
965
972
971
969
994
1077
1117
1140
1209
1158
1081
1010
1005
965
879
932
1132
1220
1307
1392
1394
1465
1731
2054
2281
2362
2336
2255
2111
2116
2158
2113
1947
1724
1516
1261
1083
1030
985
961
1006
1111
1139
1161
1235
1338
1457
1644
1817
1906
1872
1758
1767
1727
1714
1781
1744
1672
1588
1512
1491
1502
1567
1636
1671
1661
1637
1662
1658
1679
1683
1658
1610
1551
1508
1483
1453
1406
1401
1373
1408
1471
1525
1566
1617
1672
1695
1769
1795
1837
1873
1827
1797
1741
1684
1618
1575
1542
1516
1486
1421
1387
1413
1411
1447
1537
1582
1587
1619
1669
1705
1730
1722
1784
1770
1752
1774
1743
1653
1657
1674
1650
1649
1647
1644
1606
1638
1765
1905
1857
1823
1818
1755
1804
1889
1855
1832
1773
1698
1640
1573
1624
1701
1644
1587
1643
1707
1700
1719
1729
1792
1851
1894
1875
1785
1768
1779
1798
1754
1741
1712
1651
1623
1619
1630
1634
1641
1625
1648
1620
1634
1629
1644
1660
1673
1646
1589
1580
1580
1593
1577
1548
1509
1528
1505
1494
1486
1501
1484
1429
1375
1373
1361
1359
1341
1307
1260
1242
1222
1226
1225
1294
1290
1315
1325
1324
1343
1351
1374
1372
1336
1274
1212
1140
1108
1097
1000
963
946
899
919
952
960
989
1043
1073
1091
1073
1080
1117
1035
1020
965
892
783
825
977
1151
1295
1403
1472
1484
1661
1987
2243
2378
2494
2407
2200
2096
2075
2076
1957
1762
1532
1299
1077
947
899
892
968
1061
1130
1147
1175
1302
1437
1594
1758
1862
1887
1828
1753
1690
1696
1742
1745
1704
1593
1505
1428
1472
1547
1606
1688
1675
1644
1614
1674
1688
1672
1658
1602
1533
1462
1439
1418
1392
1372
1347
1388
1418
1490
1567
1602
1670
1732
1794
1825
1841
1853
1840
1838
1773
1693
1611
1580
1536
1493
1456
1393
1382
1373
1401
1435
1464
1538
1571
1595
1625
1680
1709
1722
1779
1777
1788
1757
1763
1740
1718
1675
1718
1722
1702
1698
1671
1700
1821
1865
1823
1803
1752
1771
1829
1808
1801
1770
1707
1641
1560
1586
1676
1695
1626
1647
1668
1695
1719
1759
1813
1835
1893
1902
1840
1776
1767
1801
1792
1761
1741
1671
1589
1536
1573
1593
1590
1593
1615
1591
1585
1596
1603
1625
1692
1714
1680
1629
1614
1635
1624
1551
1572
1527
1524
1473
1464
1467
1444
1403
1377
1347
1343
1326
1303
1286
1257
1248
1253
1260
1252
1273
1290
1302
1326
1326
1376
1392
1388
1373
1348
1248
1199
1156
1119
1068
1053
988
872
855
892
942
955
990
1062
1059
1049
1074
1077
1072
1045
1050
1001
890
832
816
925
1082
1235
1371
1457
1471
1578
1829
2106
2358
2441
2461
2259
2127
2140
2085
1996
1877
1644
1387
1145
969
957
896
907
1046
1123
1096
1140
1264
1386
1505
1689
1877
1911
1836
1805
1772
1708
1729
1806
1739
1631
1522
1488
1454
1503
1581
1640
1646
1644
1667
1659
1654
1678
1705
1669
1576
1514
1476
1465
1426
1408
1405
1379
1395
1449
1513
1582
1627
1685
1740
1775
1820
1847
1837
1850
1795
1745
1683
1580
1578
1529
1501
1449
1373
1390
1410
1375
1452
1512
1525
1581
1629
1676
1706
1726
1788
1816
1809
1754
1753
1738
1696
1692
1717
1680
1655
1673
1635
1607
1659
1735
1801
1902
1941
1858
1832
1825
1804
1856
1865
1819
1760
1659
1605
1552
1539
1619
1698
1642
1622
1662
1710
1747
1782
1816
1881
1912
1927
1896
1779
1731
1768
1764
1700
1678
1642
1593
1532
1539
1570
1578
1589
1612
1617
1581
1620
1611
1639
1677
1709
1664
1626
1590
1591
1582
1554
1524
1504
1496
1454
1437
1439
1439
1397
1331
1301
1265
1265
1255
1243
1192
1186
1191
1225
1246
1283
1332
1373
1388
1380
1381
1418
1428
1405
1360
1275
1174
1104
1046
987
933
890
865
835
835
841
876
928
979
1042
1072
1079
1058
1034
1004
990
935
922
1008
1164
1252
1379
1467
1505
1588
1834
2091
2275
2386
2424
2294
2137
2101
2110
2041
1891
1701
1441
1189
1023
970
956
934
1014
1127
1143
1168
1242
1353
1479
1641
1853
1949
1924
1817
1793
1748
1728
1787
1799
1736
1615
1523
1453
1494
1557
1651
1705
1656
1618
1609
1637
1661
1646
1677
1615
1529
1526
1516
1473
1430
1454
1457
1459
1498
1580
1618
1654
1675
1729
1774
1831
1895
1875
1799
1771
1723
1699
1650
1600
1582
1527
1443
1432
1416
1425
1434
1501
1538
1561
1612
1657
1651
1723
1761
1757
1821
1781
1789
1782
1734
1700
1692
1670
1667
1665
1653
1638
1574
1593
1629
1698
1812
1932
1918
1806
1796
1804
1829
1870
1897
1870
1815
1743
1654
1595
1592
1718
1737
1693
1681
1730
1709
1689
1714
1755
1839
1880
1842
1709
1650
1688
1710
1668
1668
1692
1661
1608
1612
1612
1614
1638
1665
1678
1649
1637
1612
1599
1622
1642
1610
1569
1525
1531
1501
1468
1441
1412
1438
1441
1422
1401
1395
1386
1355
1299
1289
1299
1284
1240
1216
1188
1184
1185
1197
1239
1301
1323
1345
1327
1313
1293
1326
1363
1318
1258
1180
1080
1027
978
949
925
912
901
897
867
843
869
889
979
1061
1064
1024
956
880
836
790
784
849
994
1126
1230
1327
1406
1517
1730
2014
2349
2520
2494
2413
2237
2115
2178
2189
2049
1795
1522
1262
1018
898
894
904
923
1006
1086
1104
1165
1266
1446
1611
1791
1947
1924
1819
1801
1765
1750
1788
1796
1720
1605
1500
1487
1471
1541
1637
1710
1670
1669
1667
1682
1691
1670
1679
1602
1556
1464
1474
1430
1401
1376
1353
1385
1446
1504
1589
1642
1650
1723
1808
1867
1898
1888
1886
1813
1760
1743
1683
1602
1567
1542
1470
1424
1396
