1391
1376
1440
1474
1466
1503
1563
1622
1663
1716
1777
1825
1824
1819
1811
1797
1793
1768
1727
1682
1599
1547
1538
1544
1559
1568
1586
1612
1641
1672
1709
1728
1769
1833
1853
1828
1793
1736
1689
1686
1709
1721
1694
1644
1623
1616
1660
1678
1698
1724
1725
1741
1775
1785
1762
1739
1743
1758
1760
1754
1718
1665
1638
1637
1634
1649
1645
1618
1625
1649
1690
1714
1725
1731
1736
1752
1766
1791
1772
1762
1721
1676
1645
1626
1598
1576
1551
1524
1512
1510
1486
1495
1500
1483
1523
1525
1538
1536
1524
1489
1474
1455
1410
1402
1383
1360
1320
1282
1252
1234
1262
1297
1352
1366
1414
1419
1449
1487
1505
1495
1444
1381
1309
1262
1211
1131
1051
988
955
921
894
900
875
850
877
898
923
952
949
939
952
935
917
867
796
750
706
735
892
1118
1405
1649
1807
1841
1883
2030
2337
2643
2756
2639
2309
1945
1748
1682
1683
1588
1284
947
723
705
836
968
1005
1029
1090
1275
1488
1723
1826
1850
1809
1798
1834
1884
1877
1859
1774
1716
1630
1573
1547
1581
1647
1725
1745
1704
1651
1606
1610
1622
1661
1633
1550
1427
1387
1356
1361
1366
1377
1404
1460
1525
1604
1702
1771
1808
1832
1849
1885
1881
1883
1851
1795
1676
1623
1599
1585
1556
1527
1518
1510
1548
1634
1673
1705
1696
1733
1780
1852
1897
1900
1826
1738
1672
1690
1719
1703
1689
1656
1616
1626
1655
1687
1701
1707
1732
1754
1773
1756
1763
1738
1708
1727
1721
1701
1701
1681
1683
1693
1705
1697
1704
1697
1723
1753
1765
1752
1749
1688
1693
1689
1708
1703
1693
1670
1647
1640
1635
1649
1635
1626
1628
1632
1634
1628
1627
1603
1574
1548
1529
1522
1517
1480
1471
1437
1412
1394
1373
1378
1377
1362
1343
1321
1294
1270
1276
1311
1363
1406
1434
1445
1453
1460
1493
1512
1505
1461
1419
1331
1230
1177
1111
1068
999
918
859
821
826
861
895
871
882
871
906
952
1028
1059
1028
969
938
908
870
792
777
874
1079
1352
1656
1807
1780
1751
1874
2197
2572
2746
2650
2349
1982
1741
1697
1732
1677
1397
1018
748
692
802
941
1023
1063
1099
1190
1378
1639
1868
1950
1928
1889
1854
1854
1880
1925
1920
1848
1688
1533
1451
1481
1614
1716
1740
1709
1621
1553
1546
1611
1694
1673
1584
1487
1401
1363
1342
1377
1424
1413
1433
1472
1555
1646
1760
1836
1851
1877
1852
1844
1851
1884
1869
1780
1678
1590
1513
1497
1516
1551
1557
1514
1544
1603
1658
1705
1751
1773
1799
1868
1920
1905
1824
1736
1705
1685
1716
1736
1715
1630
1588
1609
1667
1683
1709
1698
1713
1735
1764
1765
1761
1728
1707
1707
1721
1714
1688
1664
1674
1703
1718
1699
1663
1664
1696
1738
1757
1769
1728
1683
1667
1684
1720
1742
1712
1671
1645
1657
1679
1667
1639
1613
1583
1585
1598
1601
1563
1530
1500
1481
1482
1481
1478
1470
1443
1436
1421
1390
1385
1389
1388
1372
1334
1314
1280
1282
1310
1370
1412
1430
1423
1448
1464
1473
1494
1479
1418
1350
1287
1232
1152
1065
979
926
898
881
872
875
870
869
879
909
941
958
960
991
996
989
963
870
765
649
608
688
969
1310
1589
1740
1803
1756
1807
2129
2548
2840
2841
2552
2124
1777
1619
1691
1699
1439
1093
792
654
710
858
964
1006
1052
1199
1449
1674
1811
1903
1902
1852
1818
1871
1845
1827
1813
1793
1708
1549
1452
1434
1497
1632
1813
1835
1726
1586
1548
1597
1682
1718
1681
1566
1412
1346
1306
1314
1347
1373
1418
1465
1537
1630
1681
1778
1849
1890
1896
1880
1875
1878
1873
1805
1708
1593
1510
1452
1478
1523
1563
1557
1559
1581
1635
1693
1729
1769
1848
1894
1926
1904
1837
1780
1699
1656
1685
1698
1708
1667
1636
1613
1624
1655
1674
1726
1754
1787
1800
1773
1761
1712
1687
1675
1682
1678
1670
1650
1641
1669
1701
1728
1747
1742
1745
1780
1797
1803
1787
1746
1677
1637
1647
1681
1676
1654
1615
1591
1583
1606
1620
1656
1659
1654
1653
1640
1643
1617
1588
1563
1544
1545
1518
1484
1454
1425
1382
1358
1351
1331
1330
1324
1314
1293
1263
1223
1254
1315
1387
1449
1466
1478
1479
1503
1529
1519
1498
1423
1335
1251
1185
1154
1068
970
863
792
782
792
826
859
835
752
739
782
852
949
1008
1016
973
880
795
778
753
860
1090
1324
1542
1756
1826
1776
1843
2128
2488
2704
2704
2516
2163
1870
1747
1741
1668
1415
1076
816
726
788
886
925
892
943
1128
1407
1668
1853
1909
1834
1805
1856
1952
1966
1936
1900
1813
1670
1569
1530
1499
1547
1627
1683
1675
1638
1608
1595
1607
1638
1630
1593
1554
1505
1444
1382
1333
1325
1353
1435
1503
1543
1628
1688
1744
1825
1874
1892
1875
1866
1858
1849
1800
1712
1618
1556
1519
1498
1529
1546
1496
1522
1587
1668
1692
1711
1747
1788
1834
1893
1906
1854
1772
1733
1706
1726
1719
1678
1629
1619
1636
1667
1672
1677
1689
1733
1772
1803
1831
1796
1776
1782
1812
1810
1736
1686
1636
1621
1623
1652
1628
1586
1582
1594
1668
1731
1761
1773
1773
1787
1813
1832
1820
1787
1759
1729
1706
1665
1616
1573
1527
1518
1525
1506
1519
1508
1512
1519
1538
1550
1554
1537
1531
1546
1506
1502
1470
1430
1392
1345
1334
1299
1266
1225
1216
1229
1265
1314
1375
1418
1436
1472
1480
1486
1488
1463
1426
1338
1249
1156
1078
1017
974
944
906
904
906
905
897
881
873
847
856
908
920
908
869
824
755
685
619
600
663
941
1270
1573
1839
1950
1883
1904
2169
2551
2850
2873
2634
2222
1808
1601
1608
1620
1426
1070
724
610
653
846
970
982
1011
1143
1385
1657
1856
