1562
1490
1388
1300
1261
1278
1382
1452
1517
1468
1436
1390
1391
1403
1455
1427
1407
1406
1414
1511
1618
1686
1745
1742
1704
1696
1665
1673
1689
1729
1801
1917
1952
1970
1957
1849
1804
1798
1741
1774
1790
1793
1817
1797
1761
1737
1748
1725
1687
1629
1629
1626
1630
1634
1622
1584
1587
1553
1509
1553
1559
1558
1585
1604
1603
1568
1572
1576
1584
1614
1624
1640
1665
1646
1677
1661
1688
1673
1656
1643
1684
1728
1753
1745
1744
1699
1718
1728
1742
1753
1745
1744
1736
1736
1750
1754
1768
1731
1704
1642
1628
1650
1671
1681
1657
1644
1625
1610
1600
1598
1586
1578
1542
1502
1539
1560
1563
1597
1598
1552
1538
1514
1501
1553
1595
1644
1670
1662
1623
1566
1564
1593
1588
1619
1615
1594
1560
1540
1528
1491
1508
1486
1460
1457
1437
1432
1408
1394
1370
1310
1266
1224
1222
1198
1187
1143
1127
1091
1080
1060
1024
1025
1030
1051
1038
1008
986
918
881
904
874
912
931
877
817
761
697
664
635
681
815
1050
1344
1578
1621
1418
1046
778
783
1102
1653
2132
2365
2262
1954
1563
1385
1401
1581
1832
2005
2091
2121
2067
1947
1789
1639
1527
1474
1483
1577
1657
1653
1639
1585
1515
1428
1328
1279
1240
1221
1281
1359
1396
1395
1368
1345
1332
1319
1343
1366
1325
1321
1348
1412
1502
1589
1658
1662
1631
1577
1585
1587
1583
1627
1691
1778
1835
1827
1803
1774
1715
1665
1717
1693
1669
1708
1722
1740
1719
1737
1713
1595
1589
1557
1520
1565
1561
1546
1540
1482
1506
1501
1486
1470
1465
1456
1449
1451
1470
1464
1482
1497
1515
1521
1522
1552
1574
1580
1607
1668
1668
1659
1643
1669
1692
1723
1751
1766
1728
1737
1741
1736
1731
1726
1718
1766
1746
1744
1759
1755
1741
1697
1650
1649
1644
1636
1680
1681
1684
1676
1631
1604
1576
1580
1586
1536
1586
1585
1590
1594
1621
1640
1640
1634
1618
1605
1610
1623
1682
1714
1707
1666
1654
1647
1630
1674
1674
1684
1640
1642
1606
1604
1602
1606
1600
1582
1526
1512
1501
1465
1417
1413
1372
1337
1339
1332
1319
1262
1214
1197
1161
1161
1195
1203
1202
1159
1124
1088
1100
1104
1104
1104
1064
1053
1009
966
961
941
883
877
816
809
780
763
828
1025
1304
1561
1689
1602
1263
953
909
1099
1551
2089
2390
2401
2128
1766
1553
1484
1620
1869
2024
2152
2193
2157
2050
1914
1782
1668
1585
1575
1666
1727
1755
1738
1704
1637
1550
1454
1393
1320
1305
1347
1434
1485
1478
1452
1425
1397
1389
1389
1420
1397
1379
1408
1449
1539
1612
1683
1717
1692
1708
1684
1670
1686
1705
1758
1823
1879
1944
1968
1910
1837
1835
1791
1778
1806
1779
1801
1818
1835
1823
1796
1738
1681
1639
1575
1625
1646
1599
1580
1594
1605
1582
1546
1564
1552
1536
1538
1536
1536
1553
1565
1578
1591
1555
1575
1578
1576
1593
1639
1677
1683
1690
1679
1676
1703
1720
1743
1762
1757
1759
1776
1756
1745
1740
1757
1746
1761
1775
1774
1773
1770
1730
1721
1699
1665
1699
1702
1659
1685
1663
1632
1601
1579
1609
1625
1617
1595
1563
1564
1576
1590
1645
1652
1643
1616
1567
1571
1595
1645
1682
1696
1681
1669
1639
1606
1645
1643
1657
1624
1630
1651
1627
1592
1593
1566
1515
1522
1502
1480
1479
1448
1428
1384
1334
1314
1271
1237
1172
1152
1114
1109
1095
1086
1062
1066
1030
1009
994
992
996
986
978
943
925
886
888
895
877
830
807
757
713
708
702
831
1068
1328
1541
1641
1419
1110
842
807
1084
1615
2125
2367
2298
2013
1634
1401
1393
1569
1831
2045
2164
2166
2125
1942
1806
1657
1538
1530
1528
1566
1672
1693
1619
1572
1456
1348
1295
1242
1201
1197
1240
1327
1373
1376
1346
1317
1326
1319
1316
1336
1329
1343
1358
1406
1499
1591
1659
1666
1644
1607
1566
1554
1564
1607
1672
1748
1837
1850
1855
1765
1746
1701
1696
1720
1727
1746
1742
1738
1724
1716
1677
1633
1557
1552
1546
1581
1572
1588
1539
1552
1513
1542
1542
1543
1538
1507
1512
1476
1473
1525
1540
1557
1556
1525
1557
1568
1584
1616
1644
1662
1688
1664
1654
1690
1709
1731
1737
1764
1750
1761
1774
1734
1777
1763
1760
1785
1791
1807
1821
1800
1792
1775
1733
1729
1708
1725
1711
1690
1685
1647
1670
1647
1661
1645
1647
1633
1594
1619
1624
1640
1677
1705
1695
1664
1643
1624
1601
1604
1638
1674
1708
1695
1689
1670
1612
1587
1612
1620
1585
1587
1616
1607
1582
1580
1574
1539
1499
1449
1437
1438
1404
1365
1371
1344
1329
1321
1245
1241
1182
1162
1163
1159
1162
1141
1130
1096
1094
1109
1079
1086
1045
1006
973
977
957
958
936
921
855
805
742
712
689
784
950
1250
1496
1679
1617
1274
914
749
908
1390
2004
2406
2479
2204
1772
1433
1349
1501
1789
2036
2144
2203
2185
2056
1934
1784
1635
1562
1503
1566
1656
1725
1728
1654
1581
1473
1369
1250
1229
1176
1230
1317
1377
1373
1342
1285
1277
1289
1323
1359
1326
1317
1320
1372
1474
1568
1640
1692
1675
1633
1654
1612
1600
1622
1679
1772
1873
1926
1905
1856
1781
1730
1740
1760
1768
1747
1777
1711
1722
1776
1758
1730
1694
1607
1544
1579
1605
1636
1609
1590
1568
1518
1537
1553
1549
1536
1496
1513
1526
1576
1604
1607
1610
1578
1589
1600
1636
1705
1711
1730
1753
1739
1713
1741
1750
1803
1780
1815
1805
1798
1790
1766
1762
1776
1785
1777
1802
1789
1829
1827
1803
1801
1747
1701
1705
1697
1702
1709
1692
1686
1659
1610
1626
1634
1644
1642
1615
1596
1586
1610
1646
1675
1691
1678
1679
1631
1601
1596
1639
1690
1727
1746
1748
1709
1659
1641
1613
1649
1621
1653
1653
1639
1585
1597
1561
