1985
1961
1941
1890
1911
1952
1954
1936
1862
1785
1712
1637
1616
1604
1564
1561
1522
1529
1477
1391
1320
1277
1251
1261
1282
1310
1304
1269
1279
1276
1275
1291
1320
1314
1356
1412
1491
1568
1590
1602
1640
1651
1671
1716
1778
1802
1823
1870
1891
1931
1959
2010
2034
2015
1974
1952
1955
1934
1983
1996
1981
1965
1956
1935
1913
1871
1826
1816
1774
1745
1758
1725
1755
1772
1686
1659
1593
1568
1592
1590
1599
1617
1587
1577
1581
1587
1589
1620
1619
1640
1639
1649
1678
1699
1715
1726
1733
1757
1772
1757
1779
1768
1785
1793
1811
1811
1830
1832
1830
1809
1790
1768
1770
1751
1749
1729
1713
1696
1679
1671
1635
1615
1595
1566
1546
1512
1491
1466
1457
1407
1398
1374
1371
1349
1319
1290
1259
1263
1264
1269
1250
1252
1230
1212
1204
1166
1182
1155
1162
1162
1177
1194
1189
1103
1012
1020
983
1024
1117
1110
1060
1004
893
790
671
632
670
682
663
758
872
939
1026
970
895
860
864
1065
1245
1308
1375
1363
1313
1387
1520
1682
1809
1755
1696
1730
1759
1878
1969
2030
2049
2022
2018
2043
2005
1998
1951
1907
1918
1955
1998
2016
1946
1826
1761
1680
1666
1661
1672
1616
1572
1515
1475
1441
1371
1350
1333
1299
1295
1299
1300
1285
1282
1258
1278
1303
1349
1374
1350
1365
1396
1481
1547
1616
1666
1692
1685
1689
1729
1760
1795
1843
1888
1911
1976
2026
2027
2035
2009
1933
1945
1955
1974
2038
2019
1967
1952
1910
1894
1917
1891
1834
1791
1741
1718
1731
1723
1737
1718
1679
1652
1628
1581
1576
1586
1588
1593
1602
1618
1637
1616
1615
1620
1625
1635
1666
1682
1728
1723
1745
1754
1763
1761
1798
1803
1800
1789
1828
1830
1836
1842
1847
1849
1837
1836
1816
1800
1782
1771
1750
1717
1726
1719
1681
1677
1624
1612
1588
1564
1522
1508
1491
1467
1467
1421
1400
1372
1343
1350
1355
1352
1309
1267
1227
1236
1252
1255
1269
1262
1246
1204
1180
1190
1170
1211
1220
1223
1194
1150
1075
1051
1030
1056
1110
1104
1095
1051
925
836
773
700
729
736
694
662
621
638
768
929
1045
1080
1013
947
931
1028
1142
1221
1339
1418
1492
1600
1707
1729
1691
1632
1630
1773
1877
1995
2126
2079
2020
2018
1982
2024
2036
1999
2007
1967
1927
1977
1987
1966
1916
1858
1758
1700
1666
1631
1588
1561
1553
1552
1506
1445
1375
1315
1243
1233
1256
1285
1308
1333
1313
1274
1269
1281
1325
1328
1349
1388
1451
1541
1601
1627
1632
1653
1675
1700
1781
1793
1854
1881
1852
1925
1981
2006
2072
2048
2009
1988
1924
1938
1977
1943
1981
2011
1961
1976
1948
1876
1850
1786
1755
1724
1740
1759
1788
1780
1759
1684
1600
1554
1530
1572
1617
1617
1650
1622
1601
1604
1588
1606
1634
1651
1650
1665
1715
1741
1754
1744
1755
1733
1765
1779
1805
1811
1808
1808
1819
1816
1846
1865
1844
1825
1808
1766
1773
1779
1786
1768
1753
1721
1688
1647
1640
1615
1596
1562
1541
1522
1510
1495
1457
1403
1362
1347
1361
1382
1365
1324
1251
1226
1237
1246
1266
1263
1231
1223
1191
1178
1170
1138
1118
1160
1148
1196
1154
1070
1026
992
999
1042
1061
1056
1062
945
857
809
693
659
674
662
668
758
799
870
937
914
890
900
941
1064
1181
1320
1328
1275
1296
1365
1503
1683
1780
1803
1760
1698
1730
1833
1923
1981
2066
2066
2059
2058
2038
1997
1934
1914
1945
1982
2022
2035
1976
1824
1723
1686
1697
1685
1672
1633
1588
1518
1455
1440
1397
1335
1307
1311
1276
1281
1274
1261
1238
1229
1240
1297
1284
1300
1331
1331
1357
1450
1501
1538
1616
1618
1638
1658
1691
1735
1814
1834
1843
1912
1913
1964
2008
1979
1983
1969
1967
1995
1999
2018
1967
1938
1884
1903
1887
1926
1907
1884
1859
1807
1742
1728
1682
1665
1701
1739
1729
1694
1630
1543
1508
1516
1568
1628
1635
1629
1628
1612
1595
1600
1629
1642
1656
1695
1712
1740
1755
1739
1736
1727
1746
1805
1826
1827
1788
1797
1774
1784
1804
1836
1849
1819
1769
1764
1730
1716
1718
1703
1683
1682
1667
1653
1608
1549
1520
1484
1454
1466
1471
1454
1410
1372
1299
1307
1299
1307
1275
1220
1215
1207
1214
1234
1248
1223
1170
1119
1117
1119
1150
1147
1145
1121
1104
1102
1057
1007
996
986
996
994
972
937
853
749
708
682
691
681
640
620
610
668
819
927
973
969
933
989
1043
1133
1262
1290
1286
1372
1470
1593
1739
1762
1765
1715
1681
1806
1900
1973
2048
2045
2066
2055
2025
2060
2020
1958
1966
1970
1972
1997
1952
1907
1841
1716
1728
1715
1660
1604
1546
1518
1474
1449
1429
1377
1329
1282
1266
1263
1250
1259
1241
1220
1220
1252
1322
1344
1336
1324
1334
1375
1470
1537
1596
1630
1667
1674
1696
1740
1777
1834
1868
1886
1922
1965
1986
1997
2036
2025
2023
2021
2021
1999
1989
1926
1940
1923
1928
1948
1940
1914
1864
1802
1759
1727
1731
1735
1739
1747
1700
1644
1590
1585
1577
1603
1610
1602
1579
1562
1575
1589
1613
1620
1659
1665
1665
1675
1679
1684
1698
1709
1740
1785
1814
1825
1813
1790
1783
1794
1800
1793
1832
1848
1849
1801
1794
1785
1753
1729
1714
1714
1706
1701
1668
1652
1611
1539
1556
1528
1482
1472
1427
1412
1383
1371
1364
1350
1321
1307
1274
1234
1200
1204
1210
1207
1198
1190
1180
1159
1117
1114
1092
1084
1088
1100
1101
1083
1046
1003
959
961
945
951
969
1007
967
859
759
649
558
565
595
552
597
649
760
943
1030
1025
934
845
838
924
1087
1237
1327
1420
1475
1513
1603
1608
1602
1635
1621
1682
1859
1950
2022
2027
1973
1963
1962
1954
1960
1952
1917
1898
1893
