573
2224
309
968
2916
612
1906
2573
1915
1889
1627
2446
1718
1405
1834
1873
844
781
1855
1017
707
1619
1455
1400
1724
2241
1998
2122
2497
2317
2009
2247
2010
1842
1671
1732
1420
1311
1253
1281
1002
1144
1250
1056
1218
1266
1034
1149
1098
942
817
677
1610
1795
13
2385
2242
666
2017
2356
1874
1700
2155
2389
1377
1505
1945
1758
754
1430
1677
671
1222
1717
1354
1545
2189
2182
1849
2294
2391
2176
2110
2111
1923
1838
1637
1519
1435
1328
1336
1164
1083
1257
1060
994
1310
1110
987
945
925
757
610
458
1989
1433
12
2885
1303
979
2525
2135
1952
1694
2414
2001
1363
1661
2002
1183
811
1597
1410
600
1424
1566
1384
1622
2141
2252
2003
2201
2480
2171
2119
2098
1946
1648
1672
1447
1271
1241
1291
1006
1131
1233
1071
1076
1453
1273
1193
1073
1033
838
760
864
1962
48
1779
2858
640
1582
2469
1780
1714
1875
2407
1500
1412
1800
1894
850
1173
1832
781
992
1696
1404
1373
1869
2227
1807
2096
2424
2258
2000
2099
1971
1837
1644
1641
1384
1398
1367
1248
1185
1221
1177
1215
1287
1210
1088
1194
1238
957
680
736
998
1941
559
1099
2824
820
1840
2560
1895
1836
2010
2466
1608
1441
1892
1674
605
1177
1651
633
786
1500
1207
1369
1918
2061
1841
2085
2383
2262
2101
2062
2025
1859
1694
1575
1449
1390
1282
1213
1263
1210
1232
1246
1362
1315
1266
1321
1310
1183
873
638
1729
1937
13
2306
2027
869
2183
2095
1798
1625
2107
2312
1375
1500
2015
1786
674
1342
1787
573
1052
1627
1290
1348
1842
2065
1882
2138
2371
1965
1906
2037
1855
1632
1625
1511
1468
1375
1266
1302
1248
1273
1360
1288
1447
1436
1296
1190
1074
1109
972
713
1809
1400
0
2344
2180
790
2288
2163
1926
1712
2194
2262
1297
1678
1953
1136
678
1555
1561
491
1210
1582
1230
1514
2086
2036
2020
2302
2450
2099
2208
2159
2001
1728
1739
1567
1362
1289
1288
1144
1099
1125
1207
1169
1287
1155
1315
1203
1098
900
871
614
1786
1296
12
2647
1717
1039
2141
2019
1848
1656
2170
2168
1351
1692
2043
1585
770
1724
1302
677
1417
1537
1331
1711
1866
2103
1962
2234
2404
2051
1903
2146
2006
1601
1713
1611
1410
1396
1344
1332
1242
1303
1329
1242
1323
1348
1225
1155
1100
875
543
600
1820
625
274
2540
1099
1382
2281
1761
1643
1818
2297
1668
1371
1920
1816
959
982
1800
1364
693
1786
1884
2382
1921
1798
1710
2212
1868
1532
1718
1805
1194
986
1647
1133
755
1381
1425
1330
1681
1770
2126
1982
1920
2343
2170
1826
2047
1942
1612
1600
1531
1339
1202
1210
1241
1116
1228
1312
1346
1310
1448
1334
1204
1332
1216
985
763
1135
1748
18
2140
2210
835
1982
2441
1760
1676
2086
2279
1446
1615
1911
1721
881
1230
1685
689
1090
1634
1277
1466
1862
2063
1957
2170
2337
2132
2044
2075
2002
1688
1659
1567
1381
1266
1265
1150
1091
1156
1228
1175
1279
1373
1325
1187
1335
1161
993
973
864
1759
1052
450
2578
1368
1469
2443
1816
1793
2079
2268
1760
1564
1782
1783
1212
1026
1681
1191
809
1456
1343
1440
1717
1993
1980
1981
2254
2249
1983
2036
2069
1735
1611
1664
1443
1307
1301
1246
1161
1144
1255
1320
1211
1383
1421
1227
1345
1165
871
893
811
1461
1434
290
2069
2063
963
1942
2244
1762
1772
2182
2148
1489
1691
1893
1508
866
1557
1304
736
1326
1590
1371
1529
1985
2173
1943
2176
2348
2141
2030
2152
1839
1648
1692
1477
1290
1258
1206
1173
1103
1203
1287
1181
1408
1394
1282
1344
1261
987
1035
974
988
1658
1019
930
2495
911
1719
2345
1753
1766
1956
2202
1636
1568
1866
1627
877
1310
1609
841
1053
1626
1437
1485
1903
2052
1961
2019
2344
2155
1946
2078
1872
1670
1650
1586
1361
1291
1265
1225
1156
1211
1360
1204
1357
1409
1294
1300
1121
1016
1082
937
997
1822
797
1348
2468
957
2113
2117
1855
1871
2178
1866
1509
1615
1844
1415
866
1542
1115
820
1442
1566
1336
1653
1911
2118
1956
2224
2231
2049
1985
2076
1726
1596
1552
1404
1269
1270
1204
1167
1103
1360
1218
1336
1490
1383
1292
1356
1223
1042
980
806
1670
1536
300
2304
1646
1379
2365
1837
1861
1784
2154
1967
1496
1588
1753
1250
830
1415
1180
747
1490
1489
1322
1779
2019
2106
1970
2277
2253
2071
2014
2084
1780
1677
1628
1489
1317
1292
1222
1150
1154
1291
1182
1288
1384
1335
1276
1286
1159
1034
926
813
1701
1564
198
2316
1869
971
2169
2235
1760
1791
2155
2116
1443
1597
1855
1424
803
1476
1268
726
1446
1688
1375
1650
2026
2138
1914
2252
2321
2003
1950
2094
1805
1582
1587
1469
1301
1279
1275
1184
1157
1312
1243
1298
1360
1356
1334
1410
1185
922
937
749
1706
1600
71
2152
2085
1084
2118
2162
1816
1742
2144
2159
1434
1600
1816
1376
797
1332
1499
644
1126
1682
1301
1642
1981
2005
2054
2031
2373
2213
1958
2100
1912
1657
1610
1557
1366
1275
1251
1200
1194
1202
1261
1224
1379
1338
1300
1302
1144
1022
1044
828
1174
1748
132
2242
2107
877
1957
2246
1772
1681
2124
2093
1462
1546
1781
1573
784
1263
1525
607
1193
1660
1301
1592
1893
2110
2064
2139
2341
2213
1963
2093
1947
1653
1599
1515
1277
1245
1220
1151
1167
1326
1234
1290
1326
1273
1333
1401
1253
989
922
840
1818
1540
61
2236
1974
1134
2270
2016
1917
1783
2235
2107
1528
1663
1776
1216
870
1513
1133
763
1426
1379
1257
1776
1794
1994
1989
2126
2302
2092
1888
2079
1748
1633
1605
1474
1319
1297
1181
1192
1236
1259
1232
1385
1322
1321
1154
1199
