1370
1470
1750
1918
2064
2050
1876
1695
1585
1595
1595
1662
1677
1552
1448
1421
1393
1374
1422
1439
1353
1233
1112
936
899
692
648
750
715
686
891
1127
1361
1615
2253
2427
2361
1959
1436
1026
907
1197
1329
1636
1881
1953
1979
2133
2193
2249
2010
1730
1395
1298
1411
1760
1999
2208
2172
2009
1944
1834
1649
1692
1543
1474
1515
1657
1787
1961
2051
1896
1794
1630
1613
1632
1609
1667
1582
1432
1396
1344
1416
1393
1419
1379
1258
1115
972
821
645
562
640
757
793
1000
1318
1681
2101
2398
2317
1923
1536
1270
1003
1033
1386
1578
1815
1984
1986
2108
2232
2187
1922
1705
1455
1251
1436
1581
1864
2091
2148
2070
1966
1905
1774
1651
1543
1441
1465
1666
1830
1948
2000
1978
1842
1735
1654
1624
1641
1628
1610
1486
1476
1382
1348
1387
1428
1392
1287
1183
1066
891
834
703
659
794
904
973
981
1133
1536
1853
2217
2393
2177
1772
1334
1044
1112
1223
1607
1828
1872
1844
1911
2076
2168
2115
1883
1550
1362
1330
1517
1818
2068
2149
2062
1906
1846
1796
1724
1686
1602
1482
1551
1698
1800
1860
1928
1821
1680
1565
1617
1633
1677
1627
1483
1447
1368
1216
1389
1405
1374
1319
1300
1159
977
902
810
646
685
797
850
993
1212
1485
1930
2219
2303
2139
1789
1507
1077
1083
1373
1501
1629
1827
1949
2010
2128
2172
2023
1848
1652
1392
1708
1505
1413
1380
1465
1778
2114
2211
1976
1880
1632
1478
1528
1595
1573
1651
1560
1449
1364
1449
1410
1300
1426
1333
1192
1055
911
739
818
731
792
853
971
1066
1342
1925
2371
2408
2207
1832
1246
1008
1024
1315
1529
1813
1812
1789
1897
2013
2169
2212
1963
1607
1397
1278
1427
1708
1938
2137
2118
2016
1858
1834
1798
1671
1566
1496
1532
1657
1714
1877
1949
1939
1816
1622
1644
1631
1641
1591
1491
1384
1272
1338
1428
1499
1581
1508
1224
1098
876
736
609
617
764
735
708
1037
1442
1810
2250
2436
2296
1872
1417
1097
1044
1213
1469
1612
1797
1843
1996
2209
2279
2133
1852
1580
1326
1273
1451
1748
1961
2138
2168
2061
1997
1952
1812
1602
1497
1360
1323
1517
1733
1996
2107
2069
1877
1629
1512
1514
1565
1627
1610
1563
1457
1462
1460
1449
1394
1362
1291
1150
1105
983
883
770
677
789
951
1052
1063
1253
1554
2024
2426
2305
2044
1605
1161
889
1077
1373
1659
1692
1847
1931
2081
2189
2215
2108
1794
1495
1286
1345
1627
1934
2122
2105
1967
1920
1842
1659
1638
1549
1453
1369
1556
1696
1930
2032
1920
1763
1604
1633
1566
1624
1558
1562
1440
1387
1386
1386
1442
1393
1332
1232
1167
1080
900
837
790
647
765
901
892
1093
1301
1713
2152
2406
2292
1830
1454
1136
996
1132
1399
1673
1780
1898
1913
2089
2170
2215
1955
1681
1383
1255
1438
1684
1894
2073
2114
2046
1876
1842
1730
1658
1587
1499
1422
1578
1740
1856
1899
1944
1772
1702
1608
1613
1629
1646
1564
1493
1386
1322
1300
1377
1442
1367
1389
1269
1116
913
836
783
710
779
845
888
888
1216
1593
2083
2303
2229
1985
1578
1170
994
1214
1503
1624
1801
1912
1966
2077
2190
2198
1975
1682
1413
1236
1369
1632
1908
2053
2013
2001
1879
1822
1769
1730
1584
1454
1428
1563
1682
1846
1939
1906
1755
1665
1560
1561
1648
1655
1572
1472
1442
1353
1392
1425
1421
1352
1293
1232
1158
994
900
850
831
822
930
1072
1090
982
1231
1650
2001
2278
2359
2070
1497
1145
1107
1262
1542
1810
1790
1771
1833
1960
2086
2165
2011
1775
1509
1379
1453
1758
1995
2020
1980
1863
1748
1749
1749
1817
1727
1692
1526
1505
1569
1749
1876
1841
1798
1684
1602
1521
1590
1625
1530
1410
1278
1180
1280
1357
1475
1515
1360
1131
974
871
819
921
1074
908
837
977
1038
1220
1679
2088
2331
2201
1893
1424
1227
1182
1263
1363
1711
1839
1758
1991
2173
2138
2122
2009
1740
1436
1409
1525
1697
1908
2027
1989
1872
1812
1793
1773
1711
1687
1586
1549
1475
1586
1720
1836
1842
1813
1803
1622
1627
1597
1611
1570
1521
1443
1393
1369
1291
1337
1348
1366
1259
1221
1019
1035
985
870
832
903
949
1111
1181
1284
1763
2088
2139
2027
1740
1588
1223
1227
1389
1587
1786
1902
1824
1912
1916
1961
1972
1912
1702
1556
1599
1634
1813
1955
1980
1914
1789
1858
1849
1823
1806
1662
1500
1476
1554
1645
1799
1845
1753
1661
1558
1521
1586
1571
1542
1446
1409
1307
1302
1337
1312
1320
1324
1203
1104
1015
964
943
843
896
935
1009
1153
1199
1426
1592
1885
2054
2070
2106
1705
1429
1288
1309
1453
1632
1791
1900
1832
1929
2018
2013
2011
1824
1631
1464
1459
1525
1742
1961
2090
2052
1975
1858
1709
1612
1569
1448
1490
1565
1688
1829
1964
1999
1862
1655
1496
1549
1608
1581
1689
1614
1462
1377
1224
1227
1252
1337
1315
1280
1150
899
882
812
796
813
1009
963
862
1276
1680
2029
2353
2363
2099
1530
1196
1093
1183
1499
1587
1720
1722
1835
1953
2055
2290
2186
1841
1606
1352
1302
1578
1840
2013
2009
2028
1811
1742
1770
1726
1714
1662
1546
1513
1583
1650
1867
1907
1937
1840
1738
1670
1649
1618
1598
1545
1422
1377
1300
1342
1282
1366
1313
1279
1231
1034
936
892
820
810
914
916
929
855
906
1324
1845
2374
2386
2257
1792
1326
1092
1110
1412
1573
1604
1694
1850
1883
2111
2266
2254
1948
1604
1265
1275
1611
1738
1945
2080
1890
1903
1772
1800
1824
1672
1720
1517
1363
1565
1702
1931
1989
1921
1832
1693
1682
1606
1665
1629
1489
1466
1369
1361
1410
1372
1345
1293
1233
1170
1053
958
940
888
851
913
963
979
1013
