1267
1045
894
830
917
923
1035
1054
977
861
761
725
625
644
595
907
1338
1722
2171
2360
2373
2004
1897
1506
1348
1398
1391
1360
1304
1362
1322
1551
1775
2078
2233
2240
2096
1912
1790
1678
1768
1883
2016
2116
2183
2037
2004
1936
1707
1708
1554
1493
1381
1414
1432
1404
1585
1683
1789
1831
1835
1717
1608
1499
1275
1167
1057
1015
952
931
962
967
1006
966
928
795
733
631
620
542
909
1410
1919
2339
2377
2404
2070
1848
1505
1378
1397
1435
1432
1329
1371
1321
1548
1796
2116
2309
2285
2146
1880
1733
1652
1755
1932
2082
2161
2145
2049
1922
1886
1760
1727
1622
1536
1384
1358
1373
1415
1603
1760
1845
1854
1823
1676
1520
1412
1289
1178
1035
952
872
906
946
1038
1086
1041
946
800
704
650
611
630
985
1457
1878
2281
2304
2401
2000
1834
1439
1453
1348
1383
1348
1348
1354
1463
1739
1937
2204
2284
2242
2028
1792
1650
1776
1721
1720
1605
1431
1327
1310
1449
1632
1758
1822
1749
1624
1488
1400
1313
1236
1137
1044
950
860
919
964
1059
1065
1021
959
800
727
706
637
977
1446
1842
2185
2222
2242
1943
1807
1576
1449
1484
1495
1456
1363
1401
1349
1584
1779
2067
2220
2151
2074
1831
1713
1672
1841
1983
2111
2072
2030
1913
1750
1794
1691
1791
1698
1599
1412
1291
1254
1366
1567
1713
1818
1748
1705
1515
1437
1348
1294
1201
1112
975
864
867
874
1011
1065
973
948
796
765
673
690
803
1244
1577
2099
2165
2232
2191
1882
1764
1526
1509
1453
1504
1384
1393
1358
1448
1674
1869
2129
2176
2180
2020
1869
1720
1729
1822
2000
2099
2138
2100
1878
1817
1715
1718
1722
1699
1609
1465
1371
1295
1359
1524
1754
1787
1775
1731
1552
1439
1308
1263
1136
1130
1009
943
869
894
949
1016
969
921
845
722
712
683
996
1435
1846
2184
2205
2268
1931
1804
1573
1532
1523
1495
1529
1350
1407
1365
1654
1817
2048
2201
2224
2069
1894
1760
1673
1867
1991
2062
2072
2094
1947
1837
1787
1711
1741
1662
1579
1427
1380
1290
1378
1553
1694
1780
1761
1728
1509
1448
1299
1236
1161
1076
974
893
909
920
990
989
985
874
781
702
736
714
1172
1546
1944
2243
2255
2232
1896
1782
1562
1583
1506
1545
1460
1380
1379
1473
1710
1896
2080
2166
2166
2019
1857
1738
1704
1872
1913
2065
2079
2099
1926
1859
1760
1719
1638
1581
1517
1387
1356
1311
1485
1579
1733
1780
1766
1657
1513
1413
1222
1209
1121
1057
954
885
922
973
984
1014
986
873
801
758
716
679
1020
1374
1625
2188
2328
2303
1964
1857
1593
1478
1525
1506
1440
1370
1377
1409
1636
1838
2144
2232
2216
2024
1886
1712
1693
1783
1873
1967
2009
2051
2085
1953
1989
1802
1676
1555
1415
1370
1403
1458
1478
1571
1556
1655
1636
1673
1672
1572
1458
1256
1117
937
890
841
952
1021
1037
1077
982
913
782
733
688
744
694
1077
1459
1905
2201
2304
2299
1989
1879
1609
1472
1441
1456
1414
1415
1379
1463
1646
1847
2089
2249
2211
2075
1867
1735
1652
1718
1821
1917
2079
2179
2115
1954
1852
1626
1556
1466
1488
1477
1439
1426
1375
1464
1556
1739
1774
1745
1644
1520
1331
1149
1087
941
924
925
927
919
964
965
926
876
831
710
661
665
777
1227
1545
2145
2335
2387
2217
1950
1715
1460
1571
1422
1455
1399
1469
1336
1550
1763
1960
2239
2287
2214
1972
1874
1677
1642
1756
1853
1955
1977
1998
2055
2109
1967
1825
1620
1373
1245
1300
1294
1456
1689
1677
1647
1611
1610
1622
1668
1694
1526
1309
1061
861
729
839
944
1028
1127
1039
939
819
773
731
746
749
699
1056
1389
1973
2277
2448
2427
2113
1841
1524
1431
1357
1440
1424
1473
1372
1514
1720
1927
2163
2331
2288
2142
1968
1707
1591
1704
1836
1907
2023
2103
2066
2064
1880
1771
1570
1487
1392
1361
1416
1443
1551
1577
1620
1679
1737
1719
1739
1638
1421
1233
1026
898
799
914
919
1042
1024
995
923
874
796
780
786
734
737
1130
1429
1813
2258
2393
2436
2073
1880
1480
1489
1403
1386
1452
1446
1423
1491
1713
1868
2127
2277
2303
2223
1973
1764
1604
1727
1696
1861
2019
2060
2059
1985
1947
1750
1712
1552
1453
1356
1373
1437
1515
1569
1592
1653
1695
1773
1690
1695
1503
1325
1145
957
893
869
949
962
1048
985
950
903
853
825
793
793
728
944
1138
1520
2168
2396
2517
2217
1944
1559
1427
1456
1390
1503
1480
1482
1427
1578
1714
1924
2273
2352
2326
2074
1855
1619
1523
1698
1830
1944
1989
2017
1966
1985
1952
1832
1708
1501
1382
1269
1330
1448
1582
1672
1725
1690
1700
1654
1656
1633
1507
1344
1097
925
817
848
913
1017
1060
1029
930
824
792
764
817
708
685
1073
1419
2038
2311
2507
2315
2058
1838
1443
1439
1367
1459
1460
1488
1389
1446
1685
1908
2256
2332
2294
2050
1882
1637
1560
1692
1752
1880
1906
1860
1864
1980
1978
1983
1833
1537
1276
1170
1179
1343
1629
1820
1849
1788
1643
1584
1585
1558
1499
1358
1093
840
728
817
881
1076
1139
1115
986
889
790
763
788
747
919
1250
1541
2111
2347
2364
2360
2019
1741
1423
1424
1375
1399
1441
1453
1414
1519
1736
1947
2216
2305
2286
2074
1879
1653
1586
1619
1697
1812
1822
1961
1946
2071
1945
1832
1616
1437
1365
1234
1372
1461
1620
1684
1692
1622
1668
1705
1694
1699
1517
1320
1052
894
785
852
893
1009
1041
1024
990
945
930
854
833
762
727
1014
1344
1644
2171
2386
2420
2081
1852
1452
1372
1365
1405
1434
1433
1384
1436
1645
1830
2088
2238
2303
2206
