2329
1465
1145
1131
1379
1692
1708
1699
1618
1549
1606
1884
2029
1908
1741
1538
1292
1254
1439
1668
1840
1925
1818
1711
1650
1825
2094
2014
1907
1649
1372
1194
1399
1692
2027
2146
1945
1710
1628
1603
1556
1635
1661
1478
1327
1279
1261
1349
1466
1483
1405
1331
1300
1201
1096
1070
965
745
732
775
845
985
978
941
1018
1498
1979
2260
2478
2319
1921
1292
1077
1129
1347
1718
1744
1683
1588
1569
1590
1808
2040
1972
1708
1472
1234
1200
1411
1673
1868
1938
1799
1670
1588
1654
1868
2089
1987
1762
1485
1337
1269
1503
1840
2052
2099
1914
1756
1633
1588
1549
1556
1540
1435
1336
1318
1352
1435
1518
1490
1378
1289
1240
1123
1089
1054
953
809
781
862
915
938
952
868
982
1553
1989
2251
2478
2210
1606
1208
1067
1160
1511
1753
1716
1665
1548
1483
1575
1897
2083
1948
1714
1471
1225
1174
1402
1676
1824
1929
1822
1644
1550
1640
1731
1951
2094
1832
1581
1468
1299
1402
1751
1962
2052
2038
1868
1690
1567
1515
1467
1478
1451
1392
1394
1438
1456
1474
1429
1397
1311
1236
1210
1093
989
920
794
799
902
942
1021
1029
927
1035
1550
2009
2248
2495
2264
1828
1277
1033
1147
1424
1732
1782
1709
1530
1509
1531
1727
2015
2054
1786
1514
1238
1204
1384
1648
1874
1913
1816
1682
1532
1603
1780
1943
2048
1917
1691
1559
1441
1366
1665
1899
2006
2036
1914
1806
1685
1557
1473
1453
1441
1421
1412
1445
1487
1503
1485
1416
1361
1298
1239
1122
1033
944
864
840
861
1001
1021
1002
929
923
1252
1853
2261
2386
2441
2065
1459
1116
1178
1353
1685
1762
1687
1507
1469
1527
1796
2071
2058
1843
1592
1287
1169
1320
1636
1858
1923
1841
1701
1509
1580
1801
2045
2179
1986
1698
1511
1297
1294
1617
1920
2128
2082
1934
1775
1585
1526
1539
1531
1527
1439
1362
1341
1398
1464
1497
1467
1394
1269
1200
1152
1050
1008
954
845
782
869
916
931
906
945
1256
1817
2300
2438
2423
2189
1555
1128
1069
1187
1512
1761
1698
1643
1509
1497
1664
1947
2108
1990
1666
1414
1176
1186
1424
1723
1911
1845
1731
1574
1551
1693
1934
1998
1866
1745
1496
1351
1449
1693
1906
2092
2061
1921
1789
1651
1553
1526
1518
1481
1386
1360
1369
1414
1489
1515
1496
1424
1332
1215
1145
1049
956
872
776
788
846
924
983
914
949
1242
1809
2305
2463
2353
2134
1501
1163
1082
1191
1528
1773
1695
1604
1512
1493
1676
1977
2083
1899
1634
1370
1155
1199
1476
1766
1912
1895
1746
1586
1552
1649
1746
1842
1875
1752
1598
1582
1550
1615
1787
1896
1934
1956
1913
1805
1653
1517
1425
1393
1409
1451
1491
1519
1551
1528
1452
1413
1334
1294
1251
1192
1083
951
883
883
929
980
1047
1046
910
975
1307
1814
2288
2376
2395
1996
1434
1086
1139
1316
1656
1781
1656
1551
1433
1516
1722
2043
2059
1881
1559
1278
1136
1295
1581
1814
1901
1778
1650
1550
1573
1718
1814
1912
1797
1676
1521
1540
1558
1710
1876
1892
1898
1850
1776
1699
1633
1547
1459
1461
1395
1413
1474
1518
1543
1526
1487
1401
1310
1251
1187
1072
1037
949
946
985
976
998
1014
936
915
1230
1673
2108
2279
2361
2140
1628
1290
1103
1210
1459
1672
1685
1585
1457
1476
1625
1876
2057
1998
1796
1511
1259
1171
1362
1629
1787
1829
1777
1633
1545
1605
1737
1816
1907
1866
1659
1505
1497
1501
1703
1903
1961
1932
1870
1720
1594
1585
1510
1493
1470
1427
1400
1455
1499
1531
1531
1461
1377
1287
1222
1150
1075
1000
963
1003
966
974
1027
1006
964
1225
1546
1953
2234
2228
2102
1746
1353
1148
1298
1445
1601
1647
1581
1458
1500
1682
1878
1986
1936
1716
1406
1258
1278
1451
1651
1771
1787
1704
1607
1588
1674
1763
1856
1884
1807
1652
1518
1494
1589
1782
1910
1957
1922
1836
1713
1606
1548
1501
1502
1499
1452
1416
1433
1474
1516
1526
1457
1394
1299
1241
1157
1119
1045
997
953
951
976
987
990
1007
1200
1520
1910
2227
2230
2110
1741
1359
1135
1296
1439
1559
1648
1569
1453
1464
1639
1833
1998
1995
1792
1457
1276
1243
1374
1593
1745
1789
1739
1652
1573
1597
1719
1803
1899
1948
1768
1640
1527
1498
1613
1836
1897
1962
1920
1793
1662
1567
1550
1488
1479
1477
1417
1405
1454
1509
1512
1498
1416
1317
1261
1232
1122
1084
1055
969
904
977
954
987
1019
1080
1334
1737
2044
2182
2238
1941
1507
1251
1187
1296
1468
1603
1585
1511
1471
1514
1707
1923
1999
1907
1669
1408
1245
1267
1479
1653
1746
1795
1705
1595
1614
1732
1803
1819
1901
1860
1610
1523
1547
1552
1730
1882
1913
1926
1859
1711
1613
1538
1525
1461
1461
1458
1410
1423
1469
1461
1482
1439
1380
1286
1190
1141
1093
1023
984
932
885
878
903
924
1029
1331
1782
2084
2250
2234
1925
1454
1208
1168
1267
1432
1613
1558
1499
1466
1560
1740
1974
2052
1930
1627
1399
1211
1255
1466
1640
1721
1773
1700
1621
1644
1761
1780
1791
1874
1744
1596
1569
1573
1590
1765
1855
1901
1920
1853
1718
1598
1521
1453
1429
1469
1475
1439
1448
1444
1455
1469
1443
1382
1268
1206
1096
1028
980
942
910
880
929
937
922
996
1357
1773
2068
2280
2268
1935
1448
1196
1190
1315
1438
1612
1583
1504
1468
1560
1763
1972
2066
1975
1737
1453
1259
1250
1401
1593
1714
1751
1700
1616
1668
1746
1786
1743
1721
1739
1700
1631
1658
1641
1676
1720
1843
1836
1895
1848
1721
1529
1465
1394
1398
1451
1478
1459
1484
1476
1471
1460
1410
1356
1232
1153
1073
997
954
932
879
844
899
944
945
1222
1652
1875
2222
2309
2070
1624
1337
1168
1228
