595
626
929
1202
1568
2062
2237
2281
2244
1860
1419
1130
1038
1174
1354
1460
1623
1675
1762
1898
2046
2008
1938
1752
1457
1321
1279
1375
1572
1742
1807
1852
1849
1853
1902
2026
1969
1863
1702
1523
1428
1476
1711
1871
1986
1936
1926
1747
1780
1745
1730
1646
1585
1425
1370
1404
1387
1481
1471
1409
1279
1232
1205
1158
1147
1058
902
703
649
616
640
686
1053
1271
1590
2142
2275
2320
2009
1643
1242
1056
1048
1302
1475
1563
1734
1732
1844
1992
2048
1948
1815
1556
1315
1300
1333
1512
1744
1839
1858
1867
1851
1866
1949
2010
1928
1732
1590
1364
1450
1568
1836
1944
2048
1976
1903
1803
1682
1721
1634
1646
1530
1450
1372
1384
1392
1437
1441
1379
1279
1168
1136
1091
1075
957
806
660
655
640
619
760
1118
1411
2025
2247
2342
2048
1813
1469
1166
1098
1132
1394
1438
1630
1653
1800
1895
2085
1987
1885
1650
1391
1263
1311
1448
1586
1737
1800
1827
1855
1843
1908
2102
1994
1896
1506
1347
1353
1427
1738
1949
2086
1937
1876
1673
1715
1752
1764
1693
1628
1447
1326
1363
1376
1476
1467
1364
1307
1222
1195
1175
1098
1004
789
710
653
641
686
780
1004
1326
1729
2198
2328
2306
1897
1510
1181
1040
1075
1326
1485
1582
1679
1708
1793
1972
2095
1991
1813
1495
1273
1252
1310
1500
1712
1805
1815
1825
1820
1817
1936
1975
1902
1745
1556
1424
1513
1550
1760
1899
1965
1982
1929
1817
1747
1743
1648
1602
1509
1451
1424
1430
1405
1442
1421
1355
1305
1240
1164
1096
1012
890
793
664
669
709
710
758
1149
1303
1771
2283
2281
2220
1730
1377
1006
1073
1117
1357
1504
1577
1678
1697
1864
1970
2120
1946
1801
1481
1233
1304
1386
1541
1721
1798
1797
1811
1843
1857
1881
1922
1910
1680
1616
1487
1539
1614
1843
1901
2021
1974
1929
1760
1706
1619
1545
1576
1537
1496
1387
1442
1412
1445
1433
1413
1308
1203
1097
1042
980
924
858
721
629
688
675
922
1200
1427
1904
2193
2293
2120
1719
1375
1159
1128
1176
1410
1520
1624
1697
1774
1898
2011
2006
1852
1681
1405
1300
1341
1494
1624
1760
1791
1832
1837
1833
1840
1845
1947
1843
1731
1584
1510
1537
1631
1835
1921
2086
1997
1996
1742
1676
1616
1589
1593
1586
1533
1437
1454
1393
1453
1420
1377
1308
1228
1147
1102
1054
901
862
688
627
622
747
693
1061
1370
1605
2072
2253
2241
1876
1567
1154
1112
1049
1363
1515
1596
1659
1753
1834
1958
2053
1930
1786
1526
1309
1308
1384
1530
1665
1791
1798
1819
1799
1801
1794
1797
1834
1824
1745
1624
1548
1516
1672
1809
1881
2004
2028
1888
1783
1646
1533
1536
1488
1496
1505
1453
1432
1424
1395
1359
1306
1221
1133
1089
1005
936
833
784
637
591
615
695
918
1309
1593
2093
2341
2290
1981
1627
1214
1099
1143
1230
1474
1540
1650
1685
1820
1932
2063
2017
1850
1646
1392
1261
1343
1500
1674
1770
1795
1813
1830
1828
1837
1858
1912
1828
1715
1667
1537
1556
1645
1869
1952
2038
2014
1962
1832
1701
1631
1600
1615
1580
1577
1468
1427
1403
1428
1429
1399
1317
1255
1133
1029
925
821
826
708
718
731
634
721
950
1339
1746
2183
2276
2246
1932
1586
1285
1136
1247
1344
1495
1521
1656
1702
1836
1993
2048
1980
1842
1613
1359
1311
1387
1552
1713
1781
1813
1798
1792
1835
1851
1823
1934
1909
1759
1762
1562
1550
1616
1830
1950
2057
2071
1922
1793
1590
1532
1555
1600
1597
1602
1440
1353
1370
1338
1338
1297
1262
1169
1108
1050
958
879
697
657
605
598
687
937
1269
1644
2185
2340
2311
1998
1559
1226
1081
1171
1347
1522
1520
1620
1647
1843
1985
2097
1998
1820
1592
1334
1281
1320
1541
1703
1775
1800
1771
1809
1823
1855
1809
1817
1873
1800
1751
1620
1513
1520
1654
1900
2036
2188
2069
1908
1606
1456
1460
1610
1650
1645
1608
1373
1308
1266
1312
1348
1337
1280
1159
1038
983
891
770
717
621
568
590
562
809
1277
1537
2215
2311
2299
2060
1611
1230
1119
1225
1327
1510
1470
1561
1608
1797
1963
2124
2017
1808
1656
1379
1277
1333
1474
1643
1743
1772
1771
1813
1846
1916
1967
1940
1782
1576
1502
1468
1626
1757
1892
1982
1968
1878
1847
1772
1720
1693
1616
1558
1471
1437
1405
1378
1380
1363
1295
1250
1216
1168
1074
1055
962
822
630
564
578
592
731
999
1404
1663
2244
2200
2293
2074
1645
1342
1123
1236
1256
1515
1438
1643
1670
1805
1914
2090
1968
1800
1594
1317
1302
1358
1510
1678
1766
1796
1802
1840
1842
1874
1826
1787
1620
1828
1688
1610
1763
1707
1801
1816
1899
1897
2076
1844
1851
1674
1531
1512
1530
1470
1478
1505
1360
1410
1306
1281
1216
1167
1116
1041
975
843
699
658
600
563
690
880
1270
1776
2266
2372
2251
1946
1642
1277
1137
1181
1299
1443
1487
1575
1632
1770
1985
2075
2077
1867
1613
1322
1278
1336
1508
1662
1787
1768
1803
1826
1879
1893
1850
1797
1673
1757
1708
1727
1606
1635
1734
1870
2018
2050
2068
1915
1840
1596
1513
1497
1573
1556
1514
1454
1371
1344
1261
1268
1267
1236
1147
1134
1042
842
709
652
610
662
665
784
1179
1513
2107
2447
2384
2053
1626
1281
1089
1163
1302
1525
1566
1582
1626
1738
1937
2146
2135
1892
1617
1342
1220
1306
1510
1682
1813
1779
1792
1798
1851
1890
1879
1775
1763
1793
1652
1804
1668
1620
1803
1959
2069
1874
1615
1328
1253
1373
1529
1695
1775
1773
1784
1813
1790
1835
1804
1786
1899
1757
1781
1574
1484
1538
1687
1894
2043
2113
1973
1880
1584
1494
1479
1562
1575
1598
1439
1345
1317
1248
1275
1268
1178
1115
1076
1023
