1032
1028
1126
1164
1214
1058
868
702
572
731
697
710
833
1400
1880
2273
2636
2221
1604
1295
1033
934
1288
1699
1679
1707
1582
1508
1625
1898
2043
1878
1683
1336
1249
1344
1551
1827
1944
1878
1763
1660
1658
1791
1855
1848
1968
2032
1987
1875
1746
1577
1438
1544
1738
1953
2167
2041
1770
1563
1310
1254
1406
1514
1563
1396
1212
1075
992
950
1114
1227
1213
1079
865
716
579
557
611
608
915
1865
2144
2482
2668
1998
1438
1092
878
1066
1548
1726
1645
1641
1561
1585
1905
2085
2032
1808
1528
1184
1211
1412
1769
1936
1948
1848
1745
1686
1736
1858
1886
1818
1856
1933
1954
1955
1803
1573
1467
1556
1713
1968
2153
2082
1826
1531
1307
1279
1401
1476
1566
1439
1210
1079
1063
1026
1124
1300
1197
1056
966
708
614
635
730
695
592
1065
1725
2265
2772
2513
1888
1333
965
870
1221
1698
1673
1701
1653
1538
1652
1959
2043
1948
1675
1373
1163
1279
1510
1859
1968
1888
1729
1744
1684
1814
1903
1895
1875
1947
1894
1862
1873
1644
1554
1545
1709
1940
2116
2160
1957
1667
1359
1259
1353
1482
1576
1577
1414
1136
961
977
1108
1298
1320
1241
1027
738
524
598
627
676
666
947
1764
2125
2603
2598
1985
1398
1128
939
1018
1517
1647
1640
1643
1574
1673
1879
2058
2021
1791
1370
1164
1250
1447
1757
1931
1901
1806
1727
1754
1810
1863
1825
1730
1883
1983
2055
1975
1676
1451
1368
1551
1854
2185
2237
2023
1694
1361
1136
1285
1474
1567
1627
1308
1082
986
956
1024
1233
1328
1230
1006
786
697
662
631
717
636
843
1703
2044
2454
2748
2208
1513
1132
892
1197
1627
1670
1619
1638
1537
1748
2042
2111
1969
1735
1351
1149
1291
1555
1814
1984
1919
1761
1743
1730
1794
1877
1840
1779
1840
1962
1965
1948
1720
1498
1421
1549
1791
2074
2196
2037
1705
1375
1224
1284
1441
1588
1550
1382
1095
978
958
1096
1303
1349
1236
941
683
518
622
741
769
705
878
1625
1982
2603
2621
2207
1611
1070
769
1014
1530
1700
1770
1770
1560
1499
1857
2032
2004
1841
1545
1246
1150
1330
1641
1951
2006
1898
1790
1683
1686
1766
1854
1833
1937
2041
2013
1910
1752
1531
1390
1490
1758
2045
2223
2093
1829
1557
1268
1270
1438
1582
1563
1445
1235
990
972
1030
1238
1308
1268
1099
870
692
674
691
642
630
590
1139
1880
2388
2887
2335
1624
1116
887
799
1356
1753
1669
1646
1554
1538
1699
2090
2149
1903
1649
1162
1074
1322
1626
1890
2058
1926
1757
1666
1685
1778
1844
1885
1750
1925
2001
2016
2062
1819
1505
1283
1433
1701
2160
2339
2087
1723
1371
1138
1182
1463
1660
1597
1336
1053
907
928
1197
1403
1324
1105
764
648
590
696
774
589
694
1390
1949
2383
2913
2354
1696
1150
820
789
1480
1731
1775
1752
1608
1459
1752
2045
2122
2010
1738
1267
1115
1301
1665
1999
2059
1974
1778
1670
1645
1796
1892
1853
1842
1912
1954
1986
1920
1616
1397
1465
1624
1893
2150
2240
1963
1582
1276
1191
1298
1455
1612
1536
1334
1078
920
970
1102
1309
1317
1192
979
706
549
585
660
653
681
1117
1861
2245
2817
2362
1902
1312
933
845
1243
1708
1715
1743
1659
1519
1656
1962
2093
1942
1695
1294
1125
1267
1541
1929
2014
1939
1726
1684
1647
1746
1875
1857
1830
1928
1965
1938
1952
1712
1451
1430
1569
1853
2164
2233
2040
1708
1352
1174
1344
1529
1651
1538
1343
1036
924
969
1170
1390
1315
1092
908
699
622
838
783
674
626
872
1583
2115
2724
2579
1864
1187
864
830
1218
1777
1795
1732
1549
1461
1616
1932
2141
1966
1718
1260
1135
1270
1554
1881
2014
1955
1770
1676
1648
1760
1845
1888
1912
1965
1951
1887
1806
1600
1437
1443
1614
1894
2108
2120
1938
1556
1341
1251
1337
1491
1563
1421
1178
1012
898
985
1145
1352
1262
1085
883
640
593
617
699
633
726
1393
1894
2293
2676
2411
1881
1328
986
821
1303
1610
1685
1720
1634
1517
1671
1924
2053
1947
1806
1480
1193
1232
1473
1809
1966
1982
1846
1745
1674
1726
1816
1889
1922
1976
2015
1922
1805
1594
1465
1504
1714
1908
2019
2102
1937
1686
1436
1302
1332
1452
1506
1546
1349
1112
977
968
1140
1280
1308
1189
921
829
665
779
837
717
623
776
1636
2045
2736
2591
1900
1357
985
874
1134
1742
1780
1725
1560
1423
1526
1820
2130
1980
1754
1329
1162
1242
1488
1876
1984
1921
1730
1645
1649
1752
1913
1958
1945
2001
1932
1811
1677
1551
1524
1640
1801
2028
2034
1964
1762
1486
1318
1346
1434
1505
1489
1383
1172
1006
941
1035
1236
1283
1174
1052
830
559
588
728
791
766
1122
1753
1860
2344
2359
1982
1525
1168
960
1121
1493
1670
1727
1715
1588
1601
1795
1985
1905
1753
1454
1296
1335
1529
1813
1928
1899
1816
1728
1677
1737
1831
1896
1921
1970
2009
1891
1790
1541
1421
1495
1712
1938
2074
2107
1795
1524
1342
1303
1387
1528
1555
1417
1186
992
983
1008
1167
1319
1181
989
833
688
696
667
826
706
998
1642
1968
2449
2501
2112
1590
1247
981
1053
1539
1735
1711
1703
1637
1533
1652
1966
1971
1809
1505
1310
1294
1471
1770
1922
1874
1768
1701
1693
1715
1826
1842
1841
1934
1937
1896
1881
1799
1568
1529
1605
1802
2004
2098
1966
1731
1452
1263
1342
1435
1529
1524
1342
1121
947
959
1061
1274
1262
1147
989
663
541
602
668
750
902
1449
1929
2294
2474
2136
1560
1150
986
975
1469
1698
1730
1679
1608
1614
1807
1983
1891
1734
1414
1234
1331
1595
1804
1912
1916
1220
1719
1672
1627
1559
1653
1894
1977
1780
1571
