1738
1727
1689
1655
1648
1734
1915
2058
2077
2096
1951
1815
1670
1608
1495
1418
1342
1289
1272
1344
1425
1558
1609
1597
1549
1439
1304
1185
1120
1016
987
969
964
938
936
997
961
917
880
792
906
1550
1908
2454
2419
2263
1868
1500
1499
1346
1540
1528
1507
1169
1279
1282
1604
1953
2245
2214
2098
1883
1717
1683
1683
1730
1733
1778
1691
1657
1798
1951
2073
2178
2091
1910
1754
1631
1563
1542
1435
1347
1266
1270
1329
1457
1564
1584
1502
1440
1341
1248
1174
1075
1035
965
930
925
955
961
979
926
860
796
1011
1609
1983
2464
2453
2312
1992
1521
1417
1363
1499
1549
1468
1197
1234
1275
1668
2035
2272
2213
2097
1846
1704
1666
1667
1756
1707
1680
1666
1711
1773
2001
2094
2142
2030
1873
1704
1667
1616
1583
1448
1363
1243
1249
1351
1449
1577
1631
1562
1406
1333
1222
1210
1137
1099
1024
957
910
957
965
1003
960
904
785
735
1336
1875
2405
2510
2455
2015
1513
1442
1329
1475
1541
1523
1257
1185
1220
1423
1888
2225
2241
2099
1883
1667
1645
1683
1708
1708
1670
1613
1711
1888
2057
2133
2109
1903
1739
1636
1596
1559
1482
1353
1246
1240
1323
1439
1580
1617
1493
1404
1293
1222
1164
1125
1055
972
912
907
920
976
989
936
879
791
1252
1835
2273
2427
2390
2111
1588
1473
1307
1425
1470
1532
1237
1236
1284
1532
1879
2194
2212
2091
1924
1704
1630
1639
1747
1671
1758
1659
1626
1754
1983
2050
2135
2039
1887
1734
1648
1620
1575
1494
1361
1289
1251
1344
1426
1555
1607
1527
1422
1313
1228
1185
1127
1074
966
996
973
936
996
973
953
899
829
1013
1478
1890
2340
2408
2323
1910
1536
1368
1378
1452
1481
1488
1203
1266
1308
1598
1896
2189
2249
2116
1954
1762
1670
1666
1750
1724
1707
1663
1694
1791
1934
2079
2146
2051
1906
1776
1652
1593
1546
1468
1351
1322
1265
1303
1405
1529
1579
1537
1467
1384
1264
1205
1154
1085
1016
987
952
928
975
1012
992
959
865
784
1307
1811
2105
2417
2403
2055
1575
1489
1364
1424
1478
1505
1234
1272
1294
1621
1839
2082
2224
2105
1930
1763
1682
1653
1759
1689
1659
1677
1645
1729
1912
2045
2093
2079
1947
1784
1675
1665
1586
1487
1415
1324
1225
1291
1388
1467
1576
1580
1488
1394
1299
1213
1153
1070
1024
930
940
953
932
950
973
932
844
802
1142
1420
1883
2316
2331
2206
1790
1468
1347
1376
1474
1507
1431
1231
1276
1349
1740
2004
2184
2117
2015
1759
1665
1664
1729
1740
1725
1692
1669
1720
1913
2048
2094
2126
1965
1796
1629
1600
1564
1494
1448
1323
1235
1269
1367
1488
1555
1554
1499
1406
1281
1202
1149
1076
1029
975
936
892
909
918
953
956
883
815
776
1318
1868
2352
2408
2312
1869
1512
1499
1323
1443
1501
1539
1254
1272
1283
1385
1808
2115
2232
2101
1914
1707
1654
1669
1773
1711
1738
1677
1709
1717
1911
2053
2123
2093
1950
1770
1596
1581
1512
1492
1393
1327
1250
1290
1327
1509
1543
1579
1490
1361
1231
1183
1107
988
975
954
921
911
962
956
970
948
884
780
1134
1627
1994
2378
2378
2072
1690
1522
1317
1384
1480
1533
1285
1289
1320
1369
1723
2035
2199
2111
2024
1788
1707
1698
1711
1746
1707
1726
1697
1785
1804
1970
2022
2113
2009
1928
1752
1667
1572
1502
1428
1301
1279
1300
1329
1431
1505
1525
1509
1423
1331
1239
1202
1100
1028
957
912
892
921
950
953
957
937
827
876
1395
1852
2341
2411
2291
1945
1579
1458
1357
1494
1519
1499
1284
1257
1308
1495
1853
2147
2212
2114
1983
1769
1650
1673
1721
1689
1757
1697
1700
1816
1968
2086
2091
2076
1894
1789
1691
1645
1525
1458
1299
1258
1252
1360
1412
1542
1568
1537
1452
1317
1224
1220
1120
982
886
875
892
903
995
945
956
931
876
770
1112
1621
2008
2350
2379
2184
1768
1570
1338
1413
1546
1580
1424
1279
1285
1362
1815
2134
2195
2142
1948
1753
1685
1713
1741
1736
1727
1637
1717
1831
2015
2048
2149
2041
1928
1810
1711
1562
1523
1386
1284
1229
1251
1353
1453
1508
1560
1498
1410
1330
1239
1148
1045
958
888
904
923
962
991
1006
993
918
841
784
1144
1613
1882
2311
2384
2235
1818
1572
1416
1433
1508
1612
1489
1304
1306
1375
1664
1972
2177
2186
2084
1854
1728
1699
1743
1731
1753
1726
1724
1772
1953
2000
2096
2092
1976
1882
1768
1636
1517
1418
1309
1266
1252
1317
1404
1507
1518
1527
1445
1439
1333
1178
1106
952
949
886
922
933
987
998
1010
1016
975
867
770
1128
1558
1914
2325
2395
2153
1743
1618
1466
1453
1577
1593
1438
1332
1325
1370
1603
1903
2145
2144
2096
1887
1750
1719
1711
1755
1777
1793
1754
1790
1899
1971
2010
2107
2042
1952
1822
1680
1507
1433
1363
1293
1257
1323
1375
1419
1493
1516
1493
1464
1393
1237
1124
951
919
896
935
972
995
976
936
952
955
895
830
1306
1747
2187
2389
2313
2019
1730
1596
1465
1484
1556
1549
1336
1380
1347
1425
1737
2035
2142
2117
2008
1841
1771
1725
1720
1706
1791
1860
1806
1832
1874
1952
1999
2067
1965
1901
1786
1656
1500
1377
1284
1253
1294
1348
1377
1398
1437
1455
1444
1455
1387
1197
1108
975
877
884
975
973
999
989
962
928
885
932
838
1045
1471
1829
2259
2409
2312
1999
1695
1494
1409
1523
1577
1469
1328
1338
1295
1593
1912
2123
2143
2092
1994
1777
1730
1729
1738
1759
1839
1844
1753
1814
1898
1963
2055
2075
1929
1846
1721
1538
1423
1352
1281
1290
1304
1355
1373
1440
1453
1483
1432
1352
941
937
959
946
953
939
842
838
1169
