1423
1409
1375
1288
1188
1114
1130
1121
1120
1068
988
797
750
693
745
1100
1521
1926
2277
2307
2093
1812
1588
1316
1288
1262
1271
1331
1302
1481
1670
1850
2000
2029
1903
1635
1463
1367
1389
1478
1571
1639
1875
2003
2241
2245
2087
1896
1705
1525
1609
1670
1697
1640
1524
1387
1443
1586
1697
1833
1773
1675
1516
1411
1326
1382
1371
1279
1219
1144
1113
1117
1154
1115
996
873
807
717
693
843
1314
1691
2150
2292
2259
2078
1765
1499
1337
1265
1257
1284
1293
1309
1446
1702
1906
2040
2001
1854
1619
1486
1382
1404
1481
1554
1635
1880
1992
2119
2229
2106
1959
1695
1558
1660
1692
1739
1597
1499
1437
1422
1602
1785
1823
1834
1673
1509
1436
1374
1389
1403
1297
1249
1157
1106
1152
1163
1135
989
834
758
715
662
990
1426
1825
2187
2286
2310
2021
1707
1391
1279
1216
1207
1245
1308
1311
1490
1723
1923
2045
2035
1914
1629
1469
1361
1382
1485
1597
1731
1808
1930
2091
2153
2073
1969
1742
1638
1609
1640
1645
1603
1522
1495
1494
1560
1721
1808
1800
1690
1547
1407
1358
1373
1382
1318
1265
1168
1119
1135
1140
1124
1088
958
848
798
655
852
1293
1494
2016
2270
2308
2043
1706
1417
1321
1236
1225
1263
1293
1299
1553
1754
1926
2052
2039
1842
1608
1469
1365
1434
1537
1703
1738
1822
2001
2118
2076
2049
1870
1729
1614
1618
1673
1677
1570
1531
1470
1434
1620
1757
1821
1776
1626
1483
1374
1342
1372
1354
1314
1222
1159
1095
1086
1119
1091
1027
930
841
747
682
988
1349
1758
2150
2302
2174
1928
1649
1406
1269
1205
1232
1279
1251
1352
1515
1722
1941
2041
1966
1725
1507
1398
1344
1405
1538
1635
1682
1814
1962
2116
2032
2047
1789
1688
1599
1600
1672
1639
1556
1491
1439
1430
1590
1772
1813
1756
1660
1502
1363
1329
1362
1327
1279
1183
1141
1086
1099
1142
1135
1046
933
822
787
692
891
1236
1637
2080
2256
2231
2088
1761
1444
1291
1196
1220
1263
1268
1297
1478
1707
1943
2061
2028
1860
1694
1516
1388
1399
1473
1566
1715
1804
1945
2109
2116
2053
1926
1715
1642
1670
1680
1699
1615
1492
1487
1522
1633
1789
1860
1791
1672
1513
1376
1378
1399
1368
1327
1240
1104
1106
1097
1121
1148
1073
1030
881
814
726
918
1289
1603
1974
2207
2206
2040
1753
1459
1329
1235
1236
1257
1273
1291
1483
1721
1921
2036
2066
1921
1687
1523
1406
1411
1532
1611
1731
1824
1970
2085
2064
1998
1858
1745
1682
1651
1707
1681
1573
1506
1442
1472
1590
1757
1820
1771
1623
1456
1375
1328
1350
1325
1266
1207
1112
1072
1093
1120
1154
1107
951
840
710
643
873
1212
1579
2033
2204
2189
1975
1640
1413
1301
1200
1180
1204
1236
1268
1425
1670
1822
2009
2067
1928
1697
1491
1376
1339
1398
1493
1603
1735
1862
2059
2149
2092
1964
1755
1588
1580
1657
1709
1702
1612
1512
1425
1461
1625
1801
1854
1764
1643
1473
1336
1282
1312
1324
1265
1237
1170
1062
1105
1126
1105
1066
920
804
767
622
932
1348
1718
2201
2335
2149
1956
1629
1357
1238
1190
1226
1246
1228
1336
1496
1788
2003
2143
2042
1803
1568
1445
1347
1402
1509
1616
1684
1801
1995
2119
2166
2142
1912
1743
1614
1617
1689
1734
1705
1602
1501
1486
1615
1800
1854
1852
1689
1493
1368
1312
1316
1341
1289
1253
1153
1103
1114
1152
1167
1104
993
862
704
652
937
1328
1855
2212
2316
2193
1936
1591
1326
1208
1225
1225
1250
1271
1356
1610
1821
2049
2157
2040
1883
1631
1444
1348
1395
1492
1573
1644
1742
1873
2082
2220
2156
2027
1781
1563
1548
1608
1696
1762
1709
1595
1530
1513
1605
1762
1869
1841
1689
1490
1331
1284
1278
1303
1282
1268
1212
1171
1137
1135
1102
1028
880
818
717
874
1170
1513
1946
2207
2324
2176
1839
1472
1287
1215
1211
1224
1284
1354
1496
1712
1951
2121
2140
2030
1779
1544
1363
1340
1427
1484
1563
1689
1810
1919
2118
2258
2200
2069
1843
1597
1526
1604
1679
1752
1715
1624
1561
1583
1664
1835
1854
1745
1595
1438
1306
1262
1284
1305
1288
1189
1145
1139
1138
1135
1075
984
856
679
711
880
1250
1720
2147
2344
2215
1893
1603
1374
1253
1208
1232
1274
1266
1317
1530
1718
2007
2161
2109
1856
1538
1352
1302
1337
1458
1527
1597
1688
1847
2043
2185
2249
2137
1861
1592
1462
1497
1640
1700
1755
1672
1594
1568
1631
1711
1807
1809
1710
1592
1402
1292
1280
1276
1234
1214
1202
1197
1220
1148
1034
925
845
749
733
909
1217
1609
2045
2272
2252
2113
1746
1457
1255
1178
1189
1266
1288
1346
1501
1720
1947
2146
2127
1949
1696
1498
1307
1297
1390
1503
1613
1732
1837
1996
2158
2226
2142
1899
1637
1490
1472
1556
1690
1733
1705
1627
1580
1624
1709
1783
1795
1674
1526
1378
1281
1234
1261
1262
1223
1174
1148
1162
1105
1056
1001
891
755
763
953
1298
1815
2160
2301
2248
1957
1575
1314
1206
1227
1247
1278
1293
1347
1562
1829
2090
2193
2059
1809
1498
1282
1238
1365
1500
1595
1618
1721
1838
2065
2213
2207
2034
1763
1571
1405
1404
1610
1748
1722
1676
1589
1579
1599
1674
1768
1764
1631
1476
1347
1272
1247
1235
1229
1171
1142
1135
1100
1062
1009
924
833
729
783
1020
1281
1625
2037
2261
2195
1837
1484
1208
1169
1217
1273
1289
1337
1507
1733
1986
2134
2102
1882
1560
1311
1224
1297
1427
1519
1622
1689
1791
1904
2094
2226
2160
2001
1717
1480
1396
1477
1652
1785
1747
1657
1578
1593
1685
1781
1782
1697
1555
1405
1302
1286
1323
1292
1228
1160
1125
1117
1117
1118
1018
887
738
745
897
1183
1676
2119
2322
2214
1918
1524
1325
1219
