2012
1730
1595
1498
1573
1729
1703
1557
1477
1333
1261
1306
1338
1328
1237
1083
1026
1049
1087
923
1000
927
880
866
894
868
980
1059
1364
1786
2184
2360
2295
2083
1474
1286
1233
1412
1662
1805
1823
1840
1763
1881
1989
2112
1881
1722
1499
1345
1412
1558
1856
1961
1956
1892
1792
1683
1695
1598
1606
1474
1382
1395
1539
1833
2085
2002
1825
1699
1631
1522
1605
1639
1661
1511
1375
1237
1252
1279
1277
1286
1141
1122
1081
1062
1017
969
939
893
769
813
814
897
934
1093
1502
1931
2342
2420
2140
1634
1421
1281
1272
1518
1796
1856
1860
1781
1852
1965
2006
2043
1805
1544
1329
1328
1423
1648
1856
1979
1957
1852
1752
1710
1703
1651
1568
1464
1383
1525
1645
1832
1857
1898
1834
1720
1698
1617
1560
1593
1530
1389
1309
1285
1327
1302
1329
1155
1177
1105
1044
1021
980
948
838
810
788
678
776
922
1051
1366
1739
2026
2375
2387
2078
1764
1404
1197
1305
1598
1695
1805
1884
1919
1806
2000
2063
1989
1863
1611
1388
1334
1486
1716
1916
1957
1956
1873
1774
1708
1658
1585
1522
1403
1402
1504
1654
1938
1885
1845
1771
1749
1648
1656
1725
1726
1541
1430
1288
1323
1342
1355
1377
1320
1188
1105
1045
945
962
933
848
798
807
862
832
860
925
1093
1418
1817
2251
2321
2148
1879
1596
1317
1229
1441
1722
1792
1865
1882
1863
1932
2020
2034
1835
1672
1483
1319
1422
1603
1755
1906
1924
1852
1784
1763
1697
1687
1541
1416
1500
1511
1766
1816
1921
1872
1788
1684
1701
1738
1702
1546
1580
1404
1332
1283
1316
1337
1272
1279
1167
1112
1065
934
841
803
705
804
773
839
910
877
1083
1442
1684
2112
2369
2255
2041
1756
1373
1285
1436
1617
1725
1767
1840
1860
1971
2023
1924
1901
1656
1444
1297
1427
1596
1843
1914
1811
1787
1738
1701
1612
1603
1516
1413
1537
1434
1624
1912
1912
1869
1809
1747
1677
1730
1649
1642
1513
1401
1281
1343
1396
1332
1263
1261
1212
1062
1071
1004
920
853
742
692
743
875
989
972
969
1227
1459
1941
2287
2243
2011
1802
1432
1254
1270
1638
1739
1865
1757
1805
1841
1988
1973
1890
1701
1474
1365
1406
1576
1771
1869
1923
1869
1780
1748
1753
1679
1671
1430
1530
1517
1589
1787
1851
1896
1831
1748
1714
1702
1655
1713
1614
1520
1336
1320
1328
1336
1323
1243
1254
1160
1020
988
899
830
828
746
774
742
879
830
932
1167
1481
1737
2123
2351
2215
2040
1760
1387
1238
1417
1561
1712
1788
1923
1856
1859
2026
2052
1287
1557
1864
1805
1798
1790
1939
2042
2101
1819
1623
1434
1261
1399
1627
1773
1904
1881
1784
1720
1711
1741
1642
1594
1463
1360
1421
1585
1792
1940
1934
1871
1769
1627
1586
1627
1627
1530
1439
1370
1325
1309
1327
1276
1204
1127
1044
955
978
957
841
949
874
913
980
980
965
1083
1509
2061
2103
2300
2094
1623
1208
1141
1343
1632
1857
1856
1745
1841
1802
2039
2165
1970
1774
1468
1349
1352
1551
1802
1890
1934
1834
1769
1698
1745
1750
1621
1589
1480
1346
1304
1506
1595
1835
2028
1911
1662
1607
1501
1538
1595
1727
1578
1437
1335
1275
1322
1356
1324
1232
1127
1071
892
1001
972
926
1002
978
973
1051
1105
1069
1100
1834
2069
2189
2347
1823
1416
1166
1233
1417
1631
1851
1747
1722
1857
1880
2118
2194
2117
1870
1505
1354
1287
1548
1729
1788
1883
1808
1713
1626
1746
1758
1657
1525
1428
1272
1371
1601
1885
2013
1907
1757
1646
1579
1478
1598
1602
1573
1439
1364
1293
1306
1366
1369
1240
1154
1044
941
1013
999
917
1015
956
987
1080
1163
1125
1139
1657
2069
2037
2364
1908
1432
1091
1131
1382
1716
1937
1869
1743
1852
1850
2005
2190
1983
1630
1471
1267
1284
1593
1812
1862
1764
1732
1669
1692
1689
1742
1631
1462
1253
1379
1660
1808
1962
2136
1808
1566
1470
1505
1632
1735
1666
1473
1402
1303
1209
1322
1367
1295
1244
1149
968
985
998
901
930
961
868
1016
1080
1124
1160
1144
1701
2145
2229
2267
1739
1325
1160
1257
1475
1847
2032
1749
1811
1769
1977
2155
2072
1927
1596
1410
1377
1509
1770
1890
1899
1818
1631
1590
1712
1786
1657
1469
1373
1279
1445
1630
1924
1982
1917
1655
1563
1497
1557
1653
1614
1519
1424
1255
1172
1230
1310
1289
1239
1112
965
958
976
851
960
948
1003
1038
1048
1110
1055
981
1220
1873
2149
2317
2125
1607
1251
1170
1248
1496
1818
1978
1734
1730
1827
1817
2050
2201
2036
1704
1450
1365
1443
1658
1837
1807
1809
1689
1625
1673
1727
1762
1634
1493
1397
1404
1590
1862
1992
1959
1779
1625
1557
1665
1724
1623
1650
1474
1331
1204
1285
1375
1342
1291
1203
1052
1034
1030
931
994
951
911
933
966
996
981
1012
1384
1853
2106
2455
2224
1829
1438
1307
1304
1464
1803
1957
1811
1791
1771
1902
2099
2145
1938
1772
1518
1363
1476
1682
1818
1901
1841
1778
1721
1699
1776
1669
1560
1401
1300
1455
1549
1752
1961
2037
1836
1665
1409
1576
1674
1635
1567
1442
1309
1157
1165
1214
1350
1205
1229
1062
976
992
943
988
911
850
788
861
880
955
1022
1108
1518
1955
2362
2362
2067
1575
1369
1174
1260
1516
1865
1913
1876
1901
1903
2053
2129
2126
1882
1616
1428
1389
1464
1700
1824
1905
1747
1748
1720
1794
1705
1617
1489
1321
1470
1637
1888
2043
2075
1869
1563
1402
1367
1630
1531
1601
1459
1347
1156
1300
1104
1402
1319
1206
1087
1038
885
1075
870
753
875
760
760
906
1099
989
1315
1620
2145
2370
2247
2099
1646
1302
1183
1407
1641
1874
1962
1957
1885
1949
1990
2157
2036
1841
1665
