1134
1092
1042
1076
1045
1076
1195
1112
1196
1077
1198
1187
1190
1408
1654
1961
2145
2306
2255
2096
1814
1634
1606
1585
1718
1709
1698
1656
1745
1767
1826
1902
1979
1833
1733
1641
1528
1421
1487
1605
1694
1598
1736
1656
1645
1504
1631
1711
1734
1667
1715
1696
1731
1667
1688
1660
1670
1634
1677
1661
1538
1489
1409
1334
1290
1122
1299
1167
1315
1306
1239
1148
1100
1022
1128
1166
1270
1105
972
1074
1107
1046
1154
1068
1240
1178
1187
1213
1502
1746
2064
2229
2241
2135
1960
1702
1434
1505
1602
1594
1679
1699
1683
1689
1785
1857
1815
1869
1807
1483
1487
1459
1519
1604
1667
1752
1754
1698
1570
1630
1653
1606
1646
1755
1764
1775
1632
1626
1745
1624
1754
1660
1553
1578
1479
1477
1284
1372
1332
1349
1351
1300
1323
1305
1200
1121
1144
1128
1158
1186
1226
1126
1080
1145
1035
1113
1164
1305
1297
1262
1201
1235
1474
1692
1976
2197
2258
2207
1938
1747
1549
1550
1602
1760
1737
1709
1664
1709
1778
1890
1762
1868
1805
1511
1462
1344
1447
1573
1673
1754
1717
1594
1646
1612
1658
1681
1749
1692
1694
1694
1657
1678
1698
1544
1727
1687
1594
1577
1548
1483
1507
1330
1307
1389
1282
1315
1318
1276
1275
1168
1085
1102
1120
1145
1238
1138
1078
1105
1129
1066
1131
1225
1222
1280
1313
1492
1487
1969
2038
2213
2262
2146
1913
1462
1525
1551
1694
1679
1735
1762
1696
1800
1866
1899
1909
1760
1804
1705
1518
1397
1471
1500
1676
1781
1739
1698
1668
1611
1606
1716
1806
1738
1786
1693
1681
1904
1766
1943
1679
1709
1428
1458
1429
1640
1395
1501
1277
1170
1228
1203
1273
1291
1364
1199
1099
1004
1004
1059
1071
1192
1093
1079
1071
1002
1085
1139
1239
1116
1236
1661
1843
2138
2219
2408
2122
1896
1706
1669
1448
1690
1764
1781
1767
1744
1692
1755
1833
2005
1930
1798
1687
1511
1476
1349
1598
1658
1688
1755
1643
1600
1609
1686
1690
1724
1788
1723
1763
1633
1713
1713
1771
1676
1731
1554
1694
1612
1590
1463
1344
1202
1238
1215
1324
1298
1329
1251
1027
1027
955
1056
1118
1029
1167
1054
973
904
1026
1046
1090
1204
1158
1172
1254
1472
1672
2154
1580
1640
1638
1756
1756
1607
1724
1461
1688
1689
1882
1769
1785
1462
1518
1438
1475
1507
1651
1505
1477
1190
1088
1153
1022
1206
1312
1179
905
1224
909
977
1041
1142
1106
1073
1118
850
1216
974
948
1114
923
1344
1632
1784
2332
2459
2422
2084
1937
1626
1451
1677
1729
1814
1716
1688
1720
1732
1878
1952
1933
1924
1787
1400
1424
1247
1433
1565
1704
1688
1658
1583
1515
1460
1640
1762
1839
1871
1831
1716
1719
1686
1775
1802
1625
1708
1625
1510
1471
1459
1529
1443
1353
1323
1144
1147
1106
1165
1192
1182
1145
1055
1012
1006
1022
981
1101
868
1049
1016
1088
1066
1045
1205
1301
1754
1978
2303
2323
2135
2025
1823
1689
1648
1595
1752
1755
1709
1727
1759
1810
1984
1934
1821
1791
1718
1568
1406
1481
1524
1538
1683
1680
1603
1661
1579
1629
1665
1853
1839
1903
1813
1732
1575
1683
1666
1768
1714
1580
1539
1544
1447
1470
1432
1446
1370
1357
1231
1145
1184
1099
1115
1064
1097
1113
1002
1010
975
968
1077
1087
1066
1149
984
1115
1125
1321
1366
1824
2056
2335
2312
2283
2026
1820
1635
1544
1712
1826
1829
1781
1745
1745
1782
1929
1908
1903
1872
1682
1519
1353
1438
1536
1596
1572
1558
1634
1519
1487
1566
1593
1741
1890
1824
1814
1563
1634
1496
1627
1702
1697
1618
1623
1458
1414
1429
1186
1318
1299
1198
1236
1124
901
1073
989
1109
1075
1179
930
1063
1006
848
1013
1096
1008
1157
1162
1107
1195
1435
1691
2044
2299
2376
2278
1872
1915
1610
1618
1726
1707
1765
1756
1591
1650
1677
1840
1938
1841
1736
1679
1523
1440
1464
1489
1552
1610
1594
1559
1443
1553
1572
1654
1763
1735
1716
1660
1680
1894
1750
1821
1669
1784
1393
1376
1465
1596
1583
1791
1454
1391
1230
1156
998
1034
1220
1323
1197
1093
996
950
971
923
1089
894
1052
1096
944
937
1091
1115
1112
1355
1514
1664
1954
2218
2225
2256
2120
1979
1708
1590
1697
1774
1657
1797
1858
1747
1689
1835
1811
1713
1773
1687
1541
1465
1452
1499
1515
1631
1638
1672
1627
1595
1566
1421
1684
1892
1880
1824
1774
1717
1661
1703
1795
1649
1771
1683
1624
1474
1391
1416
1403
1428
1235
1344
1144
1101
941
1088
1124
1163
1105
1061
1009
1017
979
1042
1066
1040
1149
1150
1058
1204
1446
1623
2041
2271
2369
2223
1913
1854
1709
1461
1729
1762
1806
1762
1745
1701
1712
1753
1906
1844
1856
1708
1499
1432
1512
1577
1376
1631
1611
1627
1543
1645
1596
1634
1779
1765
1671
1710
1893
1753
1768
1817
1564
1713
1487
1504
1556
1579
1444
1531
1375
1296
1289
1250
1200
1183
1080
1122
1017
1114
883
1027
1009
926
950
1039
1056
1165
1044
1210
1072
1197
1211
1612
1705
1936
2280
2271
2257
2022
1869
1723
1670
1758
1911
1862
1803
1823
1735
1703
1833
1932
1814
1809
1698
1465
1345
1402
1554
1642
1656
1568
1529
1485
1376
1594
1652
1724
1835
1849
1808
1821
1777
1607
1781
1630
1677
1675
1734
1629
1635
1527
1418
1290
1268
1251
1279
1296
1204
1203
1063
1063
841
1020
1120
1178
1024
1075
953
973
1015
1078
1144
1277
1199
1268
1458
1552
2005
2289
2326
2274
2221
1875
1802
1641
1737
1726
1852
1904
1853
1703
1732
1796
1909
1863
1823
1715
1476
1444
1280
1480
1519
1668
1649
1554
1421
1600
1515
1586
1591
1856
1811
1822
1685
1574
1539
1656
1737
1763
1700
1686
1574
1564
1462
1503
1419
1404
1434
1302
1273
1220
1201
1120
1033
926
1102
