2380
2121
1771
1613
1408
1338
1315
1342
1363
1576
1893
2058
2154
2090
2028
1877
1745
1674
1622
1510
1393
1454
1522
1678
1804
2062
2139
2060
1916
1720
1620
1444
1408
1439
1423
1434
1489
1543
1695
1733
1654
1588
1482
1415
1363
1310
1245
1132
1061
1065
1075
1113
1116
1137
1058
974
925
795
740
686
930
1402
1726
2128
2365
2229
1952
1665
1491
1468
1349
1325
1302
1347
1536
1785
2030
2102
2019
2025
1883
1803
1756
1705
1601
1471
1507
1541
1663
1913
2086
2091
2072
1905
1791
1701
1685
1580
1552
1444
1363
1446
1461
1627
1743
1742
1716
1649
1592
1517
1401
1348
1183
1139
1096
1189
1191
1140
1178
1092
1023
987
971
957
905
759
770
1094
1583
1989
2332
2328
2015
1829
1573
1484
1389
1379
1400
1441
1520
1724
1899
2074
2087
2049
1906
1719
1710
1668
1580
1460
1539
1600
1632
1941
2100
2157
2084
1993
1793
1671
1568
1538
1464
1462
1465
1475
1547
1662
1750
1708
1664
1551
1566
1434
1356
1263
1184
1128
1210
1222
1219
1170
1143
1072
1012
980
1009
912
814
688
901
1339
1806
2194
2329
2253
1959
1707
1565
1519
1429
1287
1343
1388
1510
1699
2011
2115
2120
2005
1896
1752
1728
1570
1581
1508
1528
1578
1760
1937
2101
2093
2049
1891
1757
1628
1583
1510
1459
1448
1483
1560
1651
1756
1749
1649
1574
1510
1412
1324
1305
1234
1141
1096
1037
1119
1157
1135
1046
1026
898
927
865
767
689
975
1484
1869
2139
2335
2210
1848
1618
1431
1343
1336
1314
1320
1385
1547
1888
2065
2047
2089
2021
1850
1725
1685
1598
1547
1489
1508
1579
1681
1857
2167
2024
2012
1778
1772
1574
1498
1480
1393
1423
1396
1508
1584
1680
1694
1686
1577
1522
1477
1408
1321
1218
1121
1056
1140
1156
1166
1146
1028
970
936
970
943
791
759
696
865
1223
1783
2195
2366
2228
1690
1603
1433
1458
1398
1365
1348
1442
1684
1911
2013
2154
2077
1800
1670
1644
1540
1565
1412
1462
1530
1667
1925
2143
2157
2100
2003
1791
1608
1490
1474
1435
1392
1450
1411
1585
1619
1734
1689
1629
1563
1453
1366
1285
1211
1196
1085
1147
1095
1157
1128
1111
976
928
929
852
784
737
692
859
1335
1918
2250
2318
2171
1950
1695
1493
1401
1370
1372
1326
1435
1621
1858
2101
2149
2094
1965
1791
1685
1657
1617
1538
1527
1561
1686
1857
1946
2168
2143
2039
1858
1690
1602
1509
1426
1362
1430
1414
1523
1582
1676
1656
1684
1568
1582
1472
1400
1265
1159
1106
1154
1168
1164
1184
1114
1051
975
995
923
885
749
667
750
1461
1971
2318
2442
2351
1989
1694
1526
1483
1381
1344
1347
1387
1576
1867
2136
2105
2150
2015
1876
1723
1633
1596
1546
1475
1496
1615
1858
2095
2142
2162
2002
1864
1673
1659
1554
1499
1435
1439
1386
1559
1635
1795
1820
1710
1647
1475
1402
1297
1239
1217
1135
1112
1099
1119
1120
1099
1106
963
858
878
825
684
676
949
1634
1984
2315
2330
2116
1856
1678
1406
1300
1377
1343
1245
1435
1763
1999
2134
2151
2085
1792
1762
1718
1617
1626
1588
1495
1461
1541
1813
2051
2102
2125
2014
1896
1753
1627
1611
1527
1425
1384
1445
1522
1636
1748
1787
1727
1585
1452
1465
1464
1418
1371
1165
1103
1110
1050
1131
1171
1071
925
819
855
858
792
761
761
895
1441
2017
2415
2318
2242
1865
1660
1478
1385
1403
1379
1382
1489
1736
1913
2129
2214
2154
1864
1770
1637
1594
1526
1524
1542
1559
1672
1871
2108
2221
2138
2050
1753
1644
1478
1514
1441
1450
1470
1483
1559
1620
1770
1775
1672
1536
1405
1361
1349
1230
1258
1144
1118
1125
1211
1180
1102
981
910
794
835
845
740
625
749
1066
1711
2176
2488
2374
2106
1647
1469
1333
1318
1355
1279
1400
1518
1841
2073
2212
2186
2021
1789
1609
1557
1520
1449
1490
1504
1557
1751
1959
2110
2151
2123
1898
1710
1418
1463
1447
1433
1407
1474
1511
1668
1761
1775
1706
1624
1457
1335
1238
1176
1078
1125
1101
945
1069
1066
1075
1012
934
902
809
775
666
565
873
1320
1798
2156
2365
2291
2026
1671
1532
1447
1292
1286
1242
1350
1540
1800
2092
2140
2101
1975
1844
1654
1669
1526
1531
1502
1486
1597
1703
1962
2083
2140
2035
1888
1740
1626
1554
1500
1423
1402
1455
1547
1651
1791
1813
1692
1564
1485
1382
1325
1268
1239
1142
1074
984
1073
1121
1088
1061
1002
949
832
866
747
623
819
1136
1554
1971
2319
2347
2064
1759
1608
1482
1363
1236
1290
1336
1512
1803
2033
2176
2169
2090
1911
1660
1719
1686
1600
1538
1478
1544
1632
1853
1950
2086
2052
2063
2056
1950
1661
1608
1326
1388
1356
1438
1489
1641
1749
1749
1655
1587
1563
1527
1448
1348
1270
1112
1158
1138
1214
1182
1119
1082
1029
1021
1021
1004
845
775
667
882
1356
1846
2273
2437
2263
1962
1600
1555
1488
1376
1310
1310
1429
1610
1854
2068
2209
2161
2025
1793
1652
1554
1603
1565
1545
1531
1615
1810
1968
2141
2203
2089
1963
1779
1588
1512
1461
1474
1462
1510
1603
1695
1781
1683
1662
1573
1437
1346
1321
1236
1172
1115
1088
1050
1090
1072
1091
1057
1031
877
870
771
665
781
1166
1781
2206
2413
2292
2070
1725
1519
1442
1274
1308
1334
1370
1487
1858
2085
2179
2148
1934
1797
1656
1683
1670
1599
1577
1505
1626
1761
1915
2098
2104
2099
1982
1712
1635
1540
1541
1497
1440
1429
1484
1597
1694
1769
1769
1711
1547
1428
1398
1339
1248
1134
1133
1114
1145
1169
1078
1082
973
922
950
956
908
751
608
845
1337
1724
2129
2474
2347
1910
1693
1490
1393
1327
1343
1339
1385
1521
1822
2041
2174
2182
2065
1874
1683
1580
1566
