1917
1860
1910
1786
1653
1589
1560
1562
1670
1720
1647
1622
1552
1406
1302
1210
1205
1109
1236
1214
1092
904
873
880
964
1132
1096
1168
967
747
643
770
1367
1789
2103
2275
2072
1704
1478
1395
1468
1596
1729
1777
1858
1944
1955
1910
1723
1644
1457
1395
1397
1653
1770
1802
1843
1747
1689
1672
1628
1629
1627
1597
1485
1588
1562
1607
1678
1612
1602
1704
1841
1899
1749
1780
1753
1556
1467
1562
1551
1648
1717
1627
1601
1457
1319
1258
1203
1209
1213
1181
1172
1085
915
893
870
960
1099
1150
1009
909
703
699
991
1321
1894
2281
2201
1820
1723
1456
1415
1495
1642
1774
1837
1833
1922
1926
1912
1762
1567
1480
1482
1494
1711
1750
1829
1802
1647
1659
1631
1650
1531
1610
1574
1524
1557
1541
1647
1607
1635
1713
1750
1717
1921
1891
1687
1681
1634
1477
1582
1614
1651
1704
1666
1634
1518
1388
1332
1263
1184
1254
1230
1109
1128
1032
986
974
1075
1136
1176
948
885
681
683
1179
1734
1981
2240
2190
1776
1649
1564
1476
1588
1741
1794
1839
1913
1929
1897
1851
1696
1475
1438
1505
1566
1624
1722
1806
1758
1687
1683
1675
1687
1687
1536
1606
1608
1621
1675
1599
1692
1628
1790
1712
1819
2129
1849
1797
1710
1494
1494
1604
1660
1672
1764
1619
1575
1412
1287
1267
1189
1200
1234
1145
1137
969
913
928
1000
1102
1100
1120
883
795
767
845
1388
1913
2223
2226
2191
1780
1448
1442
1549
1635
1756
1853
1804
1926
1966
1924
1741
1586
1497
1469
1484
1674
1791
1809
1829
1709
1677
1673
1658
1695
1564
1588
1577
1587
1602
1658
1610
1590
1686
1755
1755
1941
1776
1769
1789
1526
1484
1532
1508
1567
1696
1698
1544
1424
1553
1650
1757
1853
1872
1933
1877
1744
1488
1419
1436
1468
1581
1729
1845
1826
1779
1689
1619
1657
1635
1586
1585
1609
1599
1625
1604
1573
1681
1660
1649
1812
1728
1860
1959
1703
1890
1640
1394
1466
1526
1565
1599
1674
1711
1629
1474
1392
1234
1176
1141
1110
1154
1113
1201
1141
1132
1075
940
955
994
1029
1112
1067
976
760
683
686
1082
1731
1996
2234
2330
1984
1625
1469
1311
1465
1645
1714
1854
1897
1875
1917
1818
1713
1529
1424
1379
1486
1700
1824
1889
1843
1720
1601
1622
1638
1600
1646
1637
1597
1596
1631
1635
1655
1653
1826
1905
1801
2006
1852
1676
1680
1576
1458
1581
1702
1741
1803
1728
1577
1403
1306
1230
1100
1189
1137
1142
1181
1153
1028
939
951
1047
1093
1083
1084
840
577
704
1024
1510
2112
2340
2317
1932
1527
1414
1389
1520
1710
1768
1827
1891
1942
1958
1931
1736
1519
1414
1428
1517
1760
1865
1872
1806
1680
1651
1666
1672
1631
1632
1562
1618
1575
1620
1629
1667
1708
1722
1758
1890
1772
1798
1829
1723
1605
1466
1537
1552
1600
1733
1729
1619
1389
1350
1204
1156
1140
1188
1240
1259
1097
1086
904
938
1025
1086
1133
1053
966
736
738
760
1200
1790
2027
2185
2231
1828
1650
1490
1348
1446
1616
1719
1812
1898
1967
1911
1853
1639
1525
1368
1457
1546
1715
1716
1865
1799
1793
1750
1655
1589
1599
1599
1621
1612
1641
1644
1588
1629
1652
1708
1806
1795
1835
1820
1764
1726
1640
1528
1520
1545
1611
1731
1718
1748
1595
1402
1234
1169
1116
1177
1221
1198
1222
1131
977
943
1008
1063
1237
1164
969
827
708
732
1353
1980
2111
2326
2215
1848
1569
1528
1405
1503
1697
1739
1744
1929
1974
1974
1883
1694
1525
1443
1451
1506
1751
1832
1932
1858
1796
1716
1706
1682
1694
1678
1686
1668
1666
1687
1691
1691
1681
1790
1873
1898
1912
1882
1798
1775
1695
1537
1527
1514
1659
1753
1756
1733
1567
1370
1255
1125
1160
1201
1241
1225
1141
1086
1005
877
1001
1049
1213
1161
1014
813
584
859
1262
1822
2187
2349
2187
1700
1466
1411
1378
1615
1763
1773
1900
1926
1921
1898
1852
1670
1518
1435
1424
1658
1800
1901
1845
1760
1682
1662
1632
1644
1611
1613
1614
1614
1631
1659
1601
1619
1748
1785
1687
1889
1900
1659
1576
1657
1434
1461
1522
1572
1709
1704
1612
1390
1280
1178
1071
1105
1225
1081
1194
1165
976
929
1000
1034
1176
1238
1032
834
735
702
884
1477
2069
2239
2261
1982
1626
1568
1404
1458
1713
1755
1777
1874
1893
1930
1849
1718
1569
1423
1403
1493
1635
1789
1847
1829
1725
1667
1627
1634
1621
1587
1504
1615
1596
1593
1682
1628
1628
1774
1692
1829
1890
1737
1774
1691
1551
1501
1465
1522
1662
1699
1679
1555
1477
1344
1230
1130
1129
1182
1197
1177
1151
957
856
890
960
1201
1177
1090
878
641
622
1125
1712
2112
2377
2241
1875
1669
1474
1368
1580
1706
1684
1790
1809
1864
1986
1903
1733
1467
1424
1396
1511
1711
1835
1843
1779
1730
1667
1667
1667
1646
1551
1632
1625
1612
1676
1683
1603
1647
1704
1731
1921
1817
1850
1817
1657
1506
1553
1495
1472
1689
1666
1681
1610
1451
1326
1147
1147
1175
1134
1205
1146
1039
916
929
982
1155
1293
1144
1044
797
602
731
1317
1690
2093
2283
2197
1846
1567
1482
1487
1533
1654
1710
1680
1812
1904
1977
1942
1813
1692
1471
1421
1482
1677
1824
1864
1876
1841
1727
1688
1612
1665
1674
1580
1627
1628
1641
1645
1710
1652
1758
1791
1759
1915
1805
1820
1849
1601
1488
1571
1514
1578
1676
1628
1662
1589
1479
1350
1192
1179
1117
1119
1173
1108
1085
996
1002
926
1061
1168
1112
1059
948
708
641
937
1522
1881
2189
2086
1899
1638
1509
1455
1500
1710
1780
1730
1791
1844
2009
1789
1790
1652
1499
1431
1473
1692
1758
1850
1880
1768
1752
1748
1670
1688
1698
1656
1562
1599
1650
1622
1675
1811
1649
1750
