987
1059
1076
1069
986
924
867
853
765
727
909
1073
1565
2011
2350
2457
2370
2086
1860
1739
1579
1451
1323
1288
1282
1390
1648
1842
2107
2263
2202
2022
1834
1695
1554
1536
1500
1431
1393
1627
1800
2054
2150
2169
2048
1867
1728
1559
1581
1567
1528
1468
1522
1550
1660
1822
1914
1871
1794
1631
1382
1132
1013
963
934
944
937
851
968
984
1075
1099
1109
1069
968
907
807
760
738
870
1106
1510
1905
2169
2452
2388
2277
2002
1818
1625
1458
1389
1281
1230
1327
1562
1775
2042
2181
2220
2160
2030
1831
1671
1554
1501
1444
1409
1584
1716
1948
2084
2120
2077
1970
1823
1670
1604
1550
1483
1460
1513
1510
1611
1792
1937
1993
1883
1714
1497
1358
1171
1111
1041
975
912
881
883
935
1037
1112
1161
1106
987
852
769
745
752
682
776
940
1262
1788
2156
2375
2501
2386
2129
1807
1639
1443
1391
1343
1334
1311
1452
1687
1924
2172
2292
2255
2060
1819
1611
1508
1485
1438
1471
1568
1719
1852
2051
2112
2081
1938
1845
1712
1629
1580
1536
1494
1504
1538
1592
1802
1855
1955
1883
1684
1424
1225
1091
1012
989
958
997
929
933
972
1019
1135
1107
1134
1024
935
812
787
761
816
1042
1306
1815
2097
2320
2347
2314
2114
1887
1719
1518
1401
1299
1296
1299
1416
1655
1878
2087
2179
2163
2088
1973
1779
1641
1530
1457
1412
1566
1684
1823
1951
2080
2064
1966
1891
1772
1732
1661
1605
1533
1474
1490
1540
1715
1808
1868
1880
1833
1599
1378
1185
1097
984
988
976
908
936
958
1022
1097
1117
1122
1054
1010
921
818
761
798
919
1200
1706
2073
2355
2381
2287
2116
1903
1768
1594
1478
1388
1293
1263
1440
1629
1833
2065
2230
2216
2113
1893
1763
1645
1560
1472
1462
1573
1687
1874
1961
2059
2078
2033
1923
1766
1676
1560
1525
1462
1522
1512
1610
1697
1812
1820
1824
1775
1586
1392
1188
1012
978
973
943
1004
992
1023
1050
1091
1129
1115
1060
1002
917
788
752
797
1053
1345
1733
2082
2292
2351
2223
2059
1859
1719
1577
1458
1329
1280
1330
1476
1737
1896
2071
2209
2153
2085
1936
1791
1662
1567
1497
1528
1551
1691
1829
1944
2021
1994
2006
1894
1779
1638
1551
1456
1408
1455
1473
1593
1662
1771
1839
1845
1762
1628
1511
1318
1180
1061
1025
971
929
941
968
1004
1003
1123
1087
1092
1025
954
858
723
645
600
848
1117
1767
2124
2309
2520
2363
2222
1907
1776
1577
1462
1371
1228
1240
1291
1558
1814
2124
2203
2185
2121
1941
1763
1634
1563
1483
1465
1567
1667
1842
1964
2076
2050
1979
1925
1813
1718
1612
1500
1425
1400
1417
1474
1680
1812
1894
1838
1712
1500
1296
1147
1079
986
942
843
802
864
889
1019
1128
1188
1153
1066
983
895
807
781
897
1076
1465
1897
2171
2316
2286
2188
1997
1813
1640
1486
1385
1289
1268
1319
1505
1680
1938
2152
2145
2121
2010
1923
1760
1668
1584
1544
1545
1628
1728
1805
1951
2041
2018
1937
1872
1779
1723
1650
1540
1500
1441
1434
1549
1672
1781
1828
1802
1675
1479
1292
1171
1060
1024
991
944
928
945
948
1028
1094
1138
1133
1075
1005
879
815
778
966
1144
1579
1973
2251
2399
2271
2131
1900
1774
1633
1434
1375
1259
1262
1413
1677
1837
2079
2232
2199
2121
1939
1821
1709
1634
1564
1480
1604
1692
1838
2020
2032
2085
1984
1907
1741
1684
1650
1587
1513
1467
1482
1493
1625
1724
1860
1829
1791
1677
1452
1252
1096
1056
992
980
931
953
954
1010
1094
1176
1181
1097
1047
968
874
801
758
947
1189
1672
1988
2163
2343
2220
2093
1887
1741
1546
1436
1380
1256
1253
1359
1629
1799
2069
2180
2146
2071
1937
1824
1653
1593
1505
1462
1442
1680
1812
2051
2037
2072
1926
1814
1732
1664
1648
1615
1531
1465
1490
1491
1600
1771
1823
1818
1689
1525
1334
1252
1102
1042
971
959
896
937
987
1021
1104
1185
1128
1045
989
862
851
812
802
997
1225
1698
2036
2320
2348
2232
2036
1816
1692
1464
1393
1275
1272
1307
1470
1729
1936
2145
2167
2120
2021
1853
1744
1621
1584
1468
1463
1582
1715
1823
2077
2075
2034
1884
1791
1648
1567
1578
1518
1471
1456
1556
1590
1738
1815
1862
1817
1680
1504
1353
1190
1087
1070
976
988
904
1016
1085
1171
1178
1170
1130
996
947
894
876
736
734
796
942
1306
1864
2201
2444
2387
2228
2042
1743
1640
1427
1370
1252
1239
1258
1366
1670
1925
2211
2243
2173
1987
1853
1717
1641
1611
1529
1457
1577
1708
1788
1935
2099
2157
2026
1892
1721
1624
1558
1528
1473
1487
1491
1523
1716
1837
1879
1839
1717
1467
1242
1076
997
965
940
952
930
910
975
1017
1157
1205
1171
1101
1010
916
844
843
924
1054
1255
1644
1986
2191
2287
2241
2140
1897
1791
1530
1403
1298
1294
1357
1532
1709
1835
2019
2125
2119
2003
1884
1753
1648
1531
1463
1464
1649
1801
1905
2063
2063
2022
1865
1796
1713
1671
1620
1528
1498
1481
1487
1557
1713
1786
1803
1696
1633
1397
1252
1103
1019
968
952
936
899
973
1016
1046
1077
1127
1043
1017
1002
949
849
808
874
1010
1351
1811
2078
2316
2385
2246
2039
1830
1675
1505
1438
1350
1264
1331
1529
1763
1988
2148
2212
2162
2059
1850
1769
1677
1602
1507
1513
1596
1707
1879
2014
2061
2057
1979
1898
1742
1647
1517
1496
1467
1540
1556
1646
1757
1820
1847
1758
1672
1525
1429
1348
1215
1080
974
878
891
969
1043
1104
1167
1136
1049
1000
929
908
897
801
773
853
998
1360
1947
2259
2457
2479
2286
1985
1722
1597
1444
1432
1362
1302
1315
1490
1713
1961
2246
2283
