1413
1463
1571
1634
1636
1624
1625
1619
1565
1496
1381
1272
1162
1045
833
731
574
533
665
686
779
716
774
729
750
728
777
820
1159
1532
1967
2170
2222
1948
1877
1778
1670
1701
1587
1402
1341
1329
1493
1695
1832
2052
2066
2047
2065
2110
2052
2068
1999
1892
1846
1818
1907
2010
2107
2182
2138
1974
1758
1519
1440
1440
1499
1611
1630
1650
1608
1594
1563
1575
1505
1437
1348
1194
1066
888
791
664
607
603
681
722
769
803
771
822
769
784
723
1000
1414
1835
2182
2274
2097
1962
1824
1768
1702
1678
1538
1396
1375
1455
1707
1933
2128
2156
2133
2114
2123
2137
2106
2006
1892
1795
1791
1866
2001
2125
2246
2194
2091
1849
1650
1515
1476
1530
1620
1625
1689
1644
1614
1592
1586
1570
1488
1371
1269
1136
985
862
724
636
698
759
819
859
861
802
795
821
768
836
929
1221
1592
2086
2224
2285
2087
1924
1753
1781
1666
1662
1502
1475
1514
1756
1908
2171
2198
2156
2145
2114
2098
2020
1967
1800
1816
1849
1931
2014
2211
2211
2167
1924
1734
1492
1492
1428
1584
1627
1662
1598
1511
1517
1504
1519
1419
1305
1215
1104
964
885
776
709
656
744
805
854
779
783
770
794
809
791
928
1309
1740
2123
2283
2213
1947
1791
1642
1729
1632
1583
1454
1427
1519
1779
1987
2143
2153
2138
2085
1995
2005
1964
1883
1796
1739
1776
1896
2003
2207
2231
2164
1860
1688
1503
1429
1440
1554
1626
1637
1593
1545
1504
1480
1505
1421
1368
1211
1149
985
896
794
722
668
729
777
813
803
764
804
741
773
678
977
1365
1849
2231
2326
2111
1943
1786
1753
1768
1673
1532
1406
1419
1610
1850
2019
2123
2126
2129
2049
2020
1992
1957
1844
1810
1768
1858
1979
2082
2237
2174
2157
1967
1738
1452
1442
1476
1581
1590
1627
1585
1537
1498
1507
1499
1398
1273
1217
1171
1045
918
784
704
689
761
762
773
778
736
777
739
751
709
962
1367
1844
2254
2355
2275
1994
1821
1802
1787
1710
1612
1483
1453
1594
1742
1896
2113
2174
2160
2067
2032
2020
1988
1914
1875
1792
1824
1940
2045
2257
2293
2247
2107
1742
1599
1461
1475
1523
1536
1592
1579
1563
1517
1523
1494
1449
1374
1307
1217
1073
931
795
717
656
664
630
749
802
843
770
727
685
680
777
1255
1722
2211
2336
2242
2051
1924
1802
1819
1751
1634
1459
1395
1464
1605
1792
2022
2076
2056
2027
2029
2041
2002
1936
1852
1738
1845
1895
1977
2210
2224
2191
2045
1792
1605
1415
1391
1441
1513
1551
1593
1531
1508
1496
1484
1435
1327
1259
1171
1025
887
719
614
636
622
717
739
767
694
669
687
665
775
771
1265
1636
2171
2330
2372
2223
1929
1838
1715
1747
1631
1523
1395
1432
1524
1775
1926
2068
2087
2018
2037
2013
2046
1980
1931
1803
1833
1895
2008
2092
2229
2190
2114
1863
1626
1444
1394
1406
1475
1536
1561
1558
1544
1551
1501
1491
1429
1321
1224
1160
989
840
716
595
605
646
740
754
720
670
698
668
744
756
926
1332
1763
2279
2394
2413
2184
2012
1793
1732
1684
1664
1545
1427
1464
1603
1802
1999
2101
2136
2171
2054
2086
2040
1975
1899
1862
1839
1885
2004
2118
2186
2238
2147
1865
1618
1411
1416
1402
1465
1550
1639
1587
1561
1588
1549
1552
1456
1359
1231
1139
953
858
766
607
570
629
694
763
802
736
747
692
717
732
1034
1479
1877
2230
2399
2337
2162
1968
1838
1775
1699
1658
1482
1387
1482
1627
1920
2077
2079
2167
2090
2068
2033
1966
1954
1867
1734
1837
1910
2001
2120
2193
2129
2000
1782
1570
1396
1440
1464
1442
1494
1585
1579
1504
1594
1477
1573
1381
1340
1188
1110
946
778
693
573
599
609
741
708
744
676
669
676
719
744
1169
1558
1913
2377
2375
2150
1908
1746
1760
1735
1581
1491
1344
1385
1543
1785
1999
2116
2127
2013
1971
1989
1992
1937
1838
1839
1770
1836
1985
2086
2173
2125
2069
1963
1743
1485
1392
1429
1483
1486
1569
1661
1656
1668
1631
1574
1419
1341
1221
1135
1092
887
773
616
620
617
713
807
767
720
688
693
654
687
904
1329
1833
2268
2439
2359
2033
1884
1759
1651
1578
1546
1440
1300
1411
1618
1866
2014
2145
2130
2077
1974
2030
1983
1949
1801
1789
1786
1881
2021
2124
2232
2174
2022
1843
1622
1484
1385
1428
1518
1605
1640
1704
1697
1699
1661
1569
1500
1377
1261
1150
1047
879
776
631
641
681
735
770
796
726
696
648
609
701
871
1375
1852
2320
2438
2352
2015
1935
1748
1752
1615
1545
1356
1346
1445
1607
1829
2077
2160
2130
2045
1934
1981
1970
1931
1816
1810
1740
1938
2041
2136
2152
2149
2032
1922
1649
1495
1402
1470
1475
1570
1627
1695
1714
1759
1682
1628
1575
1447
1297
1166
1079
887
769
684
661
701
735
746
821
786
696
679
586
631
801
1238
1781
2232
2420
2429
2196
1906
1789
1702
1660
1529
1345
1279
1378
1607
1932
2065
2180
2126
2075
2014
2009
1943
1889
1784
1779
1830
1989
2081
2158
2229
2134
1955
1791
1578
1494
1433
1475
1532
1625
1656
1666
1681
1711
1675
1589
1484
1342
1221
1027
961
820
773
609
615
661
719
775
763
675
667
614
594
690
1069
1613
2192
2376
2416
2298
1975
1820
1683
1627
1545
1435
1288
1275
1445
1694
2037
2152
2161
2080
2034
1967
1996
1857
1857
1760
1755
1849
1982
2128
2150
2176
2122
1956
1791
1636
1518
1341
1121
914
799
773
777
774
806
764
672
722
659
633
627
740
1199
1593
2140
2265
2276
2008
1839
1547
1627
1481
1463
1366
1268
1394
1602
1924
