1200
1101
1045
886
864
765
712
630
1057
1562
2048
2280
2124
1853
1557
1391
1348
1435
1378
1358
1188
1305
1449
1629
1845
1950
1782
1632
1477
1493
1713
1769
1925
2010
1911
1784
1731
1743
1888
1946
1918
1910
1708
1561
1445
1409
1399
1411
1398
1417
1418
1425
1451
1387
1302
1269
1205
1174
1065
950
908
790
698
694
1125
1622
2089
2226
2064
1750
1568
1455
1426
1455
1409
1321
1192
1316
1486
1665
1876
1932
1771
1619
1495
1515
1781
1847
1889
1920
1876
1844
1807
1807
1902
1935
1891
1819
1643
1560
1476
1415
1403
1384
1398
1459
1464
1455
1415
1344
1299
1237
1192
1124
1025
953
850
753
697
988
1513
1895
2265
2113
1886
1594
1451
1407
1504
1418
1393
1204
1301
1433
1633
1846
1978
1811
1657
1472
1482
1652
1726
1932
2053
2031
1874
1767
1746
1849
1874
1960
1926
1791
1594
1472
1406
1434
1455
1446
1489
1527
1514
1473
1388
1333
1302
1226
1148
1117
998
941
819
784
776
1067
1545
1951
2204
2079
1874
1600
1528
1457
1503
1421
1399
1275
1325
1407
1576
1794
1909
1844
1688
1565
1499
1694
1760
1929
2056
1948
1857
1757
1788
1776
1915
1930
1963
1774
1636
1495
1456
1465
1490
1414
1477
1454
1484
1482
1414
1324
1306
1243
1187
1089
1003
909
811
770
786
1201
1638
2119
2171
2041
1704
1573
1469
1461
1439
1441
1346
1258
1323
1438
1702
1833
1918
1747
1636
1496
1658
1915
2090
2023
1864
1705
1673
1710
1882
1968
1999
1827
1648
1447
1427
1413
1484
1487
1474
1428
1428
1421
1419
1420
1347
1285
1211
1137
1031
1025
876
840
772
959
1375
1759
2116
2085
1915
1669
1559
1458
1503
1465
1444
1330
1280
1339
1498
1726
1869
1846
1657
1563
1492
1584
1768
1975
2084
2020
1777
1669
1685
1735
1898
1969
1950
1773
1590
1441
1437
1450
1499
1451
1440
1422
1414
1437
1427
1385
1299
1241
1195
1142
1091
1012
895
810
769
1022
1441
1849
2106
2057
1941
1734
1585
1485
1517
1466
1470
1305
1259
1316
1484
1694
1848
1875
1699
1577
1494
1540
1791
2021
2094
2012
1761
1636
1626
1704
1911
1998
1957
1788
1550
1436
1441
1464
1514
1483
1437
1400
1435
1427
1432
1344
1303
1232
1235
1143
1071
930
910
817
782
1036
1454
1841
2057
2037
1886
1694
1536
1464
1490
1457
1459
1349
1304
1376
1512
1715
1847
1781
1657
1582
1533
1628
1846
2034
2056
1906
1640
1573
1598
1769
1928
2041
1918
1744
1493
1456
1450
1490
1531
1445
1404
1376
1406
1394
1414
1369
1319
1244
1222
1124
1101
976
877
841
753
1060
1508
1922
2113
2058
1941
1664
1528
1461
1527
1479
1442
1333
1313
1372
1562
1712
1855
1778
1667
1594
1670
1810
1968
2100
1894
1693
1506
1553
1685
1911
2037
2024
1810
1616
1471
1479
1529
1561
1501
1388
1346
1333
1440
1439
1443
1398
1280
1249
1249
1210
1139
970
889
780
712
898
1313
1720
2036
2036
1909
1679
1544
1474
1520
1464
1480
1393
1309
1401
1551
1724
1828
1779
1657
1703
1722
1918
2048
2052
1739
1531
1452
1653
1868
2033
2041
1916
1675
1546
1501
1547
1623
1522
1408
1288
1281
1380
1437
1437
1414
1323
1255
1230
1200
1167
1091
901
826
723
809
1263
1648
2079
2085
1987
1743
1601
1449
1523
1539
1499
1404
1324
1315
1457
1643
1775
1835
1716
1650
1728
1915
2028
2092
1789
1583
1423
1512
1773
1982
2049
1996
1740
1575
1551
1575
1623
1554
1373
1326
1244
1322
1404
1397
1414
1343
1269
1254
1241
1158
1048
925
750
662
851
1291
1696
2070
2101
1953
1712
1599
1504
1531
1500
1494
1359
1310
1352
1516
1682
1810
1807
1714
1742
1777
1907
2059
1947
1704
1518
1486
1607
1839
1964
2064
1926
1709
1605
1559
1592
1621
1562
1416
1335
1255
1315
1404
1451
1468
1352
1291
1264
1220
1203
1088
975
884
765
691
1015
1462
1849
2033
2005
1850
1597
1498
1516
1565
1474
1428
1385
1332
1391
1593
1709
1800
1767
1686
1733
1782
1901
2067
1882
1675
1533
1525
1721
1873
1985
2023
1880
1702
1611
1561
1604
1617
1446
1393
1252
1251
1367
1389
1428
1389
1294
1257
1244
1162
1118
901
832
752
745
1077
1547
1951
2026
1997
1781
1637
1460
1502
1559
1505
1410
1368
1373
1403
1601
1733
1800
1711
1678
1748
1864
1925
1915
1741
1645
1586
1684
1801
1922
1941
1938
1755
1689
1628
1584
1570
1473
1374
1354
1301
1345
1388
1357
1384
1305
1285
1283
1246
1109
978
809
785
686
1132
1533
2034
2037
1954
1686
1616
1481
1539
1503
1509
1391
1337
1363
1467
1676
1791
1843
1743
1687
1607
1515
1433
1354
1376
1454
1418
1375
1284
1141
1156
1092
1072
1058
927
790
764
1035
1529
2007
2075
2015
1781
1523
1330
1410
1502
1548
1435
1352
1354
1436
1623
1795
1902
1773
1619
1551
1601
1714
1803
1844
1814
1724
1661
1645
1796
1956
1981
1874
1745
1585
1566
1526
1542
1524
1473
1432
1401
1449
1478
1430
1348
1240
1165
1136
1162
1092
985
878
779
909
1233
1678
2069
2130
1940
1630
1396
1349
1462
1503
1515
1410
1317
1342
1539
1741
1875
1870
1719
1601
1504
1612
1829
1934
1921
1765
1642
1667
1709
1835
1993
1955
1849
1727
1584
1555
1577
1550
1542
1455
1460
1448
1465
1494
1465
1343
1305
1243
1196
1169
1141
1005
970
855
839
1183
1591
1953
2106
1962
1774
1550
1344
1410
1515
1505
1445
1386
1369
1524
1669
1840
1888
1740
1606
1550
1619
1845
1904
1918
1756
1669
1698
1720
1829
1957
1981
1873
1749
1579
1536
1565
1517
1517
1481
1432
1461
1426
1462
1451
1358
1271
1173
1149
1158
1098
977
942
820
785
1128
1549
1971
2036
1898
1701
1437
1284
1421
1538
1493
1403
1305
1328
