1221
1077
936
906
848
806
745
684
602
598
649
988
1397
1833
2101
2156
2122
1857
1721
1485
1424
1339
1310
1231
1171
1235
1378
1576
1723
1870
1924
1935
1922
1874
1818
1766
1705
1689
1641
1661
1753
1784
1888
1867
1843
1761
1676
1583
1520
1483
1415
1342
1244
1250
1270
1340
1453
1433
1310
1204
1025
997
917
853
822
735
644
593
578
888
1206
1677
2124
2278
2209
1930
1750
1509
1449
1436
1347
1291
1178
1223
1341
1574
1741
1941
1935
1976
1997
1944
1856
1777
1745
1731
1689
1674
1834
1887
1962
1971
1957
1823
1759
1621
1572
1522
1435
1449
1338
1269
1311
1370
1475
1530
1403
1324
1186
1018
984
938
893
830
705
624
616
621
980
1416
1823
2240
2285
2228
1989
1795
1566
1513
1392
1360
1304
1247
1281
1420
1631
1833
1964
1921
2044
2039
1999
2008
1851
1741
1762
1699
1796
1919
1991
2093
1997
1890
1833
1698
1634
1643
1548
1490
1393
1299
1337
1412
1476
1595
1497
1388
1226
1054
1011
998
982
889
780
604
644
670
951
1297
1625
2009
2275
2280
2096
1907
1640
1544
1395
1345
1298
1269
1391
1636
1818
1947
2025
2074
2033
2031
1954
1875
1793
1814
1791
1788
1870
1907
2020
1971
1989
1910
1873
1737
1628
1527
1500
1426
1330
1323
1355
1411
1499
1502
1424
1284
1156
1049
1004
942
881
754
658
662
619
645
1036
1488
1939
2297
2341
2173
1980
1777
1564
1531
1406
1392
1308
1247
1306
1469
1646
1857
2014
1930
2093
2094
1934
1951
1856
1789
1771
1682
1778
1880
1904
2007
2090
1958
1859
1790
1644
1611
1616
1501
1436
1308
1278
1318
1445
1472
1547
1485
1363
1200
1059
1002
1014
927
828
743
611
612
611
915
1363
1782
2070
2318
2274
2068
1851
1622
1539
1444
1371
1332
1245
1313
1487
1686
1862
1995
1964
2182
2063
2043
1883
1782
1811
1746
1773
1808
1917
1928
2005
1975
1933
1893
1767
1669
1601
1478
1462
1373
1331
1320
1385
1417
1540
1475
1388
1277
1087
1019
1014
910
840
794
647
648
596
673
1052
1446
1883
2275
2262
2135
1961
1789
1544
1528
1373
1332
1318
1246
1292
1390
1631
1798
1980
1942
2063
2019
1992
1933
1856
1797
1754
1688
1741
1877
1878
1948
2001
1935
1835
1811
1642
1591
1552
1476
1379
1299
1221
1243
1359
1402
1454
1411
1244
1123
1000
980
923
806
749
675
1477
1322
1227
1308
1416
1496
1463
1321
1184
1017
938
941
904
870
778
646
625
629
701
1199
1482
1878
2223
2283
2159
1928
1732
1525
1542
1389
1365
1278
1242
1308
1570
1741
1880
1964
2092
2136
2034
1981
1866
1823
1762
1760
1728
1868
1882
1981
2037
1959
1893
1829
1705
1642
1586
1478
1435
1265
1192
1235
1336
1429
1503
1405
1284
1108
1020
946
931
891
817
652
564
577
568
924
1429
1861
2215
2299
2204
1973
1823
1637
1545
1430
1327
1298
1189
1251
1409
1649
1810
2004
1989
1999
2049
1982
1953
1878
1829
1788
1690
1761
1862
1975
2026
2108
1962
1896
1796
1680
1586
1562
1532
1432
1332
1239
1311
1385
1488
1521
1458
1305
1168
1033
975
938
859
805
712
578
574
554
829
1237
1778
2163
2374
2351
2154
1922
1635
1528
1436
1392
1340
1262
1240
1298
1567
1774
1955
2009
2088
2085
2081
1969
1890
1834
1743
1789
1791
1850
1976
2025
2075
2021
1890
1842
1738
1648
1540
1500
1417
1302
1262
1294
1366
1481
1499
1389
1229
1078
965
931
885
826
677
602
533
606
667
948
1415
1843
2242
2321
2228
1903
1779
1623
1514
1421
1353
1307
1213
1280
1432
1577
1820
1982
1966
1999
2026
2021
1958
1795
1782
1753
1741
1794
1913
1960
1946
2022
1929
1877
1816
1697
1646
1520
1442
1419
1310
1258
1309
1355
1447
1497
1392
1319
1162
979
939
866
849
787
713
612
591
598
693
1165
1587
2076
2207
2279
2152
1896
1687
1539
1501
1371
1338
1301
1226
1322
1518
1709
1866
1946
2054
2018
1979
1969
1957
1833
1690
1711
1669
1738
1872
1957
2032
1956
1883
1768
1721
1621
1618
1555
1442
1302
1168
1239
1281
1363
1465
1468
1320
1158
1023
917
944
937
892
752
610
544
550
622
973
1340
1744
2145
2293
2174
1968
1790
1589
1481
1392
1308
1244
1196
1257
1497
1645
1809
1934
1937
1970
2030
2037
1961
1772
1660
1678
1616
1774
1897
1953
2010
1962
1844
1784
1712
1624
1609
1475
1362
1327
1194
1187
1284
1399
1498
1436
1327
1229
1059
977
987
912
834
742
615
564
587
635
995
1437
1855
2229
2264
2197
2019
1813
1580
1505
1356
1312
1286
1250
1302
1484
1662
1857
1970
1975
2071
2048
1949
1928
1756
1714
1737
1722
1803
1970
1997
2037
1948
1845
1742
1680
1615
1593
1494
1378
1290
1237
1303
1376
1468
1499
1425
1295
1134
1028
966
994
956
851
719
614
605
664
916
1283
1641
2112
2331
2318
2150
1916
1606
1529
1493
1380
1311
1286
1261
1383
1609
1807
1973
1949
2065
2082
2072
1956
1892
1765
1704
1747
1796
1879
1944
1982
2021
1980
1896
1819
1733
1623
1564
1516
1342
1290
1239
1275
1382
1486
1526
1432
1299
1150
998
954
916
872
788
645
568
615
629
930
1364
1810
2219
2282
2240
2025
1828
1585
1483
1380
1332
1274
1223
1295
1424
1626
1808
1952
1927
2059
2044
2031
1922
1914
1771
1684
1704
1731
1840
1891
2032
1995
1946
1826
1756
1642
1577
1540
1472
1376
1261
1199
1248
1353
1430
1501
1401
1296
1086
976
954
881
890
785
681
623
570
620
955
1354
1742
2132
2266
2207
1986
1772
1589
1474
1444
1380
1301
1226
1275
1399
1602
1792
1922
1910
1973
2095
1993
1978
1820
1694
1684
1715
1741
1851
1943
1965
1982
