1467.8666666666666
1351.5333333333333
1323.6
1310.4
1332.7333333333333
1365.6
1366.0666666666666
1331.2666666666667
1325.8666666666666
1323.2666666666667
1333.5333333333333
1367.2666666666667
1406.9333333333334
1463.5333333333333
1488.0
1532.2
1578.6666666666667
1567.3333333333333
1584.7333333333333
1554.8
1495.4666666666667
1413.6
1399.1333333333334
1360.2
1353.2
1381.2
1404.4666666666667
1422.4
1466.8666666666666
1534.1333333333334
1611.4
1652.8666666666666
1732.2
1747.4666666666667
1759.7333333333333
1754.3333333333333
1684.9333333333334
1613.2666666666667
1573.3333333333333
1543.4666666666667
1556.6666666666667
1649.2666666666667
1740.4666666666667
1824.6666666666667
1861.0
1834.6666666666667
1778.2666666666667
1711.2
1661.2
1615.2666666666667
1577.7333333333333
1536.0
1507.9333333333334
1479.2
1493.3333333333333
1522.4666666666667
1590.6
1602.9333333333334
1596.8666666666666
1547.8666666666666
1482.6
1431.1333333333334
1373.9333333333334
1358.7333333333333
1370.3333333333333
1414.5333333333333
1455.7333333333333
1432.6
1421.1333333333334
1395.6666666666667
1391.8
1377.3333333333333
1429.3333333333333
1443.4666666666667
1439.6666666666667
1441.5333333333333
1401.7333333333333
1332.3333333333333
1274.3333333333333
1265.2
1315.9333333333334
1446.7333333333333
1547.4666666666667
1612.4
1648.4666666666667
1581.2
1510.7333333333333
1442.9333333333334
1411.2666666666667
1449.2666666666667
1489.0666666666666
1494.4
1450.9333333333334
1411.5333333333333
1406.4666666666667
1465.2666666666667
1589.0666666666666
1727.5333333333333
1819.0666666666666
1811.2
1712.2666666666667
1582.7333333333333
1476.6666666666667
1455.7333333333333
1516.3333333333333
1624.2666666666667
1732.4666666666667
1799.6
1807.5333333333333
1752.4
1747.0666666666666
1707.0666666666666
1710.0666666666666
1684.8666666666666
1656.5333333333333
1632.2
1564.4
1491.1333333333334
1464.2
1474.6666666666667
1544.4666666666667
1618.4666666666667
1674.9333333333334
1686.2666666666667
1661.3333333333333
1603.3333333333333
1537.7333333333333
1476.5333333333333
1479.2
1468.2666666666667
1496.4666666666667
1510.6666666666667
1503.0666666666666
1498.5333333333333
1447.6666666666667
1447.6666666666667
1444.5333333333333
1439.6666666666667
1429.8
1415.8
1364.6
1322.2666666666667
1310.1333333333334
1298.9333333333334
1347.3333333333333
1414.4
1486.8666666666666
1485.0666666666666
1498.0
1510.0
1527.2666666666667
1514.4
1555.0
1525.0
1462.2666666666667
1423.7333333333333
1380.6666666666667
1380.4
1388.0666666666666
1449.7333333333333
1472.2
1540.0
1593.2
1629.8666666666666
1653.7333333333333
1679.3333333333333
1681.6666666666667
1633.1333333333334
1559.4666666666667
1561.6666666666667
1533.1333333333334
1551.5333333333333
1581.7333333333333
1620.8666666666666
1623.2666666666667
1612.8666666666666
1630.4
1667.3333333333333
1709.4666666666667
1737.3333333333333
1724.3333333333333
1673.3333333333333
1604.6
1529.0666666666666
1502.8
1509.1333333333334
1559.2
1598.1333333333334
1647.2666666666667
1656.4666666666667
1668.0
1645.2
1631.2
1600.5333333333333
1579.0
1537.6
1516.3333333333333
1504.7333333333333
1488.0666666666666
1470.2666666666667
1502.3333333333333
1554.5333333333333
1537.1333333333334
1496.2
1484.7333333333333
1451.5333333333333
1427.4
1455.4666666666667
1447.3333333333333
1443.4666666666667
1453.5333333333333
1403.0
1412.0666666666666
1420.4
1446.8
1414.0
1434.6
1400.6
1434.1333333333334
1449.6666666666667
1441.6666666666667
1444.5333333333333
1431.6666666666667
1426.3333333333333
1474.0
1504.2
1509.4
1537.3333333333333
1531.6
1496.9333333333334
1470.0666666666666
1503.6
1548.3333333333333
1611.9333333333334
1637.2666666666667
1655.2
1624.4666666666667
1602.0666666666666
1600.2666666666667
1602.9333333333334
1619.3333333333333
1642.8666666666666
1630.0666666666666
1565.4
1557.8666666666666
1563.0666666666666
1596.6
1644.4666666666667
1698.2666666666667
1680.7333333333333
1653.1333333333334
1671.0666666666666
1686.2666666666667
1708.0
1720.6
1641.5333333333333
1552.0666666666666
1524.4
1522.1333333333334
1549.7333333333333
1628.6666666666667
1689.2
1676.4
1635.9333333333334
1578.0666666666666
1526.4
1513.3333333333333
1538.5333333333333
1518.9333333333334
1490.2
1446.0
1379.3333333333333
1357.5333333333333
1327.9333333333334
1335.8666666666666
1366.1333333333334
1384.2
1375.7333333333333
1366.1333333333334
1365.7333333333333
1326.2
1347.4666666666667
1355.8666666666666
1411.1333333333334
1396.9333333333334
1393.8666666666666
1460.3333333333333
1488.7333333333333
1540.1333333333334
1577.0666666666666
1576.6666666666667
1566.0666666666666
1544.3333333333333
1517.6
1530.8666666666666
1542.7333333333333
1552.1333333333334
1543.9333333333334
1545.2
1566.8666666666666
1555.3333333333333
1577.4
1580.2666666666667
1575.4
1615.2
1632.4666666666667
1656.0666666666666
1675.4
1720.2666666666667
1770.3333333333333
1786.6666666666667
1793.2666666666667
1740.0666666666666
1699.3333333333333
1652.0666666666666
1603.4666666666667
1589.2666666666667
1625.1333333333334
1644.5333333333333
1673.7333333333333
1657.4
1641.2666666666667
1611.6666666666667
1607.6
1603.7333333333333
1623.7333333333333
1634.6
1652.2666666666667
1614.8
1563.8666666666666
1549.2666666666667
1527.3333333333333
1534.7333333333333
1512.7333333333333
1522.6
1501.6
1472.5333333333333
1435.0666666666666
1371.3333333333333
1300.2666666666667
1301.9333333333334
1312.6666666666667
1331.0666666666666
1358.4666666666667
1376.6
1366.6
1351.4666666666667
1307.6
1344.9333333333334
1366.0666666666666
1418.5333333333333
1445.0666666666666
1447.6666666666667
1456.0666666666666
1521.4
1518.8
1529.2
1499.0
1466.8
1456.0666666666666
1458.7333333333333
1455.9333333333334
1522.0666666666666
1570.0
1604.6666666666667
1613.0666666666666
1634.6
1631.0666666666666
1631.0
1654.8
1629.8
1577.7333333333333
1579.6
1572.2
1586.8
1599.8666666666666
1653.6666666666667
1641.5333333333333
1640.2
1608.8666666666666
1600.2666666666667
1605.7333333333333
1637.4666666666667
1664.0666666666666
1666.6
1649.8666666666666
1549.0666666666666
1520.0666666666666
1532.0
1593.2
1658.6666666666667
1681.8
1656.8666666666666
1623.2
1614.6
1616.4666666666667
1621.1333333333334
1609.9333333333334
1590.3333333333333
1502.4666666666667
1480.5333333333333
1411.6666666666667
1408.4
1420.9333333333334
1457.4666666666667
1455.1333333333334
1444.4666666666667
1418.0
1391.2
1378.0
1325.6666666666667
1346.2
1337.8666666666666
1331.4666666666667
1312.9333333333334
1320.5333333333333
1279.8666666666666
1280.5333333333333
1338.5333333333333
1324.0666666666666
1370.4
1450.7333333333333
1547.1333333333334
1606.4
1652.6
1634.3333333333333
1539.8666666666666
1456.8
1397.7333333333333
1416.1333333333334
1447.9333333333334
1498.6
1569.1333333333334
1604.9333333333334
1633.3333333333333
1623.6
1641.2
1671.0666666666666
1674.0666666666666
1693.4666666666667
1643.3333333333333
1585.2
1480.6
1434.5333333333333
1475.0
1527.0
1619.6
1684.0
1691.0666666666666
1635.0
1557.4
1471.7333333333333
1406.4666666666667
1462.8
1595.9333333333334
1681.1333333333334
1735.0666666666666
1762.1333333333334
1752.0666666666666
1715.9333333333334
1701.0
1651.3333333333333
1622.6666666666667
1569.8666666666666
1533.8666666666666
1516.6
1494.0
1485.7333333333333
1488.0666666666666
1485.8
1494.5333333333333
1506.7333333333333
1534.4
1568.0666666666666
1543.1333333333334
1514.1333333333334
1460.5333333333333
1429.9333333333334
1408.0
1439.7333333333333
1453.0
1475.3333333333333
1457.9333333333334
1420.5333333333333
1398.5333333333333
1366.8
1381.0
1372.8666666666666
1394.0666666666666
1410.6666666666667
1424.4666666666667
1434.2
1470.4
1511.1333333333334
1531.9333333333334
1529.8666666666666
1559.7333333333333
1550.1333333333334
1550.4
1572.0
1572.1333333333334
1575.2666666666667
1567.1333333333334
1571.8666666666666
1537.0666666666666
1560.8
1553.9333333333334
1521.6666666666667
1485.4
1475.2
1482.5333333333333
1553.2
1575.8
1614.0666666666666
1612.3333333333333
1566.2666666666667
1512.5333333333333
1491.0
1524.0
1601.4
1675.8
1689.6666666666667
1687.6
1699.8666666666666
1686.2666666666667
1712.0666666666666
1687.4
1652.5333333333333
1580.6
1524.5333333333333
1478.7333333333333
1487.8666666666666
1547.1333333333334
1595.2
1581.4666666666667
1558.8
1513.0666666666666
1473.7333333333333
1497.4666666666667
1541.8
1550.7333333333333
1573.0666666666666
1547.4666666666667
1525.2
1493.2666666666667
1473.6
1503.9333333333334
1494.6
1481.6
1454.1333333333334
1432.1333333333334
1402.7333333333333
1399.4
1395.6
1423.4666666666667
1418.4666666666667
1432.2666666666667
1422.6666666666667
1435.5333333333333
1475.9333333333334
1457.2666666666667
1474.5333333333333
1432.6666666666667
1443.6666666666667
1467.8
1557.2
1623.4666666666667
1690.7333333333333
1705.7333333333333
1644.8
1578.3333333333333
1516.1333333333334
1517.6666666666667
1511.5333333333333
1551.3333333333333
1538.9333333333334
1535.0
1486.7333333333333
1532.5333333333333
1583.0
1638.7333333333333
1669.0666666666666
1630.8666666666666
1552.8666666666666
1495.5333333333333
1525.9333333333334
1587.4666666666667
1679.9333333333334
1700.0
1698.0
1627.4666666666667
1580.4
1562.8666666666666
1602.4666666666667
1638.4666666666667
1625.1333333333334
1593.5333333333333
1506.2666666666667
1433.2666666666667
1416.0666666666666
1462.3333333333333
1502.1333333333334
1544.0
1566.2
1574.2
1529.2666666666667
1496.8
1493.0666666666666
1498.9333333333334
1523.4666666666667
1535.8
1531.1333333333334
1511.2666666666667
1484.3333333333333
1502.6666666666667
1527.4666666666667
1585.2
1628.0666666666666
1628.4
1589.6666666666667
1550.8
1491.8666666666666
1478.6666666666667
1448.3333333333333
1428.8
1405.8
1404.8
1438.6
1478.4
1501.2
1505.1333333333334
1481.2
1447.0
1477.6666666666667
1519.5333333333333
1638.1333333333334
1694.0666666666666
1693.5333333333333
1665.4
1579.7333333333333
1520.2
1481.9333333333334
1477.6
1508.4
1490.2
1522.0666666666666
1523.2666666666667
1513.4
1554.6
1586.6
1623.1333333333334
1647.6
1681.3333333333333
1656.0666666666666
1651.9333333333334
1576.3333333333333
1530.0
1502.8
1482.8
1483.8666666666666
1472.6
1452.1333333333334
1421.5333333333333
1381.0666666666666
1374.9333333333334
1359.7333333333333
1394.6
1477.7333333333333
1541.9333333333334
1555.6
1534.6
1485.3333333333333
1407.0666666666666
1437.2
1512.0
1616.2
1698.8666666666666
1723.5333333333333
1685.6
1630.2666666666667
1602.4666666666667
1619.7333333333333
1656.6
1694.4666666666667
1660.4666666666667
1580.5333333333333
1515.0
1461.9333333333334
1463.6666666666667
1483.6666666666667
1542.0
1523.6
1508.2666666666667
1491.2
1527.8666666666666
1573.1333333333334
1627.2
1637.7333333333333
1608.7333333333333
1507.4666666666667
1391.5333333333333
1328.0
1314.6666666666667
1382.8666666666666
1496.0666666666666
1562.2
1625.6
1611.5333333333333
1589.6
1568.8666666666666
1524.9333333333334
1500.5333333333333
1457.5333333333333
1436.6
1420.2
1422.7333333333333
1417.6
1500.5333333333333
1555.4666666666667
1593.4
1615.0
1601.3333333333333
1581.0
1515.2666666666667
1490.4666666666667
1432.0
1376.4666666666667
1356.2666666666667
1323.8
1297.8666666666666
1333.5333333333333
1383.1333333333334
1444.4
1518.3333333333333
1602.4
1637.2666666666667
1641.9333333333334
1605.0
1593.6666666666667
1603.2666666666667
1638.3333333333333
1645.9333333333334
1623.2
1571.3333333333333
1555.4
1563.1333333333334
1647.0666666666666
1686.6
1755.2
1776.6666666666667
1735.8
1665.3333333333333
1623.8666666666666
1594.1333333333334
1562.8
1572.0666666666666
1564.6
1524.0666666666666
1495.4
1503.1333333333334
1517.2666666666667
1571.0666666666666
1616.4
1682.0
1657.2666666666667
1629.4
1546.2
1434.2666666666667
1348.0666666666666
1299.6666666666667
1266.6
1258.4
1311.4666666666667
1324.3333333333333
1389.3333333333333
1437.4
1500.1333333333334
1509.2666666666667
1566.1333333333334
1598.3333333333333
1567.9333333333334
1526.0666666666666
1438.6666666666667
1380.2
1367.4
1403.8
1442.5333333333333
1478.0666666666666
1490.6
1481.9333333333334
1444.0666666666666
1441.3333333333333
1470.4666666666667
1498.8
1555.1333333333334
1561.2
1553.7333333333333
1509.4666666666667
1480.9333333333334
1466.0
1486.0666666666666
1549.6
1556.4666666666667
1609.8
1639.5333333333333
1656.3333333333333
1651.0
1627.1333333333334
1607.6666666666667
1588.4666666666667
1567.5333333333333
1605.3333333333333
1662.4666666666667
1709.8
1743.7333333333333
1711.6
1673.4
1622.2
1610.4666666666667
1566.2
1588.0666666666666
1600.3333333333333
1603.8666666666666
1578.4666666666667
1570.1333333333334
1546.6666666666667
1548.6
1579.8666666666666
1580.8666666666666
1583.6666666666667
1588.1333333333334
1559.3333333333333
1526.1333333333334
1500.4
1472.7333333333333
1430.4666666666667
1397.2
1337.2
1315.1333333333334
1311.8
1327.6666666666667
1332.8
1370.0
1373.4666666666667
1395.6
1446.5333333333333
1513.5333333333333
1543.3333333333333
1599.3333333333333
1613.1333333333334
1643.4
1599.8
1599.4
1547.9333333333334
1507.3333333333333
1478.3333333333333
1438.2666666666667
1404.7333333333333
1401.6666666666667
1435.2
1452.3333333333333
1478.8
1511.6666666666667
1505.3333333333333
1536.2
1529.2
1537.2
1504.4
1522.0666666666666
1603.6666666666667
1663.4666666666667
1693.0666666666666
1695.8
1661.1333333333334
1569.5333333333333
1567.7333333333333
1611.6666666666667
1685.5333333333333
1746.7333333333333
1767.8
1716.6
1641.4666666666667
1577.0666666666666
1541.9333333333334
1562.8666666666666
1625.7333333333333
1659.7333333333333
1648.6
1653.9333333333334
1621.4666666666667
1581.5333333333333
1589.5333333333333
1597.9333333333334
1584.4666666666667
1556.6
1525.1333333333334
1485.6666666666667
1489.8
1513.8
1541.2666666666667
1519.0666666666666
1480.8
1413.9333333333334
1363.2
1324.7333333333333
1325.8666666666666
1356.4666666666667
1372.1333333333334
1367.5333333333333
1357.8
1370.0
1421.6
1489.6666666666667
1585.2666666666667
1643.6666666666667
1677.8
1643.3333333333333
1566.2
1495.0
1450.5333333333333
1403.6
1369.0666666666666
1379.1333333333334
1378.1333333333334
1389.6666666666667
1397.2
1431.1333333333334
1467.0
1516.6666666666667
1540.6
1597.4666666666667
1594.2666666666667
1584.2
1577.0
1559.4666666666667
1560.9333333333334
1596.6666666666667
1638.2
1661.0
1682.0
1697.9333333333334
1708.4666666666667
1726.1333333333334
1728.4
1713.2666666666667
1693.0666666666666
1624.3333333333333
1592.9333333333334
1572.4
1564.4666666666667
1563.1333333333334
1601.7333333333333
1611.2666666666667
1610.2
1625.1333333333334
1600.0
1618.1333333333334
1593.7333333333333
1551.9333333333334
1532.8666666666666
1547.1333333333334
1523.2666666666667
1513.9333333333334
1462.4
1500.6666666666667
1477.2666666666667
1468.4666666666667
1483.6666666666667
1458.2666666666667
1415.7333333333333
1451.4
1428.9333333333334
1437.0666666666666
1452.2666666666667
1445.0666666666666
1364.2666666666667
1341.6
1335.0
1328.1333333333334
1406.4
1486.4
1564.3333333333333
1581.4666666666667
1566.0666666666666
1539.1333333333334
1507.8
1507.2666666666667
1522.0
1552.8666666666666
1536.0666666666666
1492.6666666666667
1513.3333333333333
1520.0666666666666
1548.8666666666666
1590.6
1590.1333333333334
1580.3333333333333
1550.6666666666667
1505.5333333333333
1535.2666666666667
