2184
2220
2179
2174
2001
1872
1780
1661
1546
1357
1247
1205
1144
1061
1129
1282
1410
1517
1702
1888
2075
2162
2251
2345
2265
2354
2285
2187
2036
1904
1689
1520
1338
1201
916
885
849
757
653
705
715
668
753
789
698
920
888
995
1113
1261
1360
1451
1670
1749
1907
2001
2108
2242
2262
2225
2112
2187
2126
1976
1829
1737
1508
1406
1303
1235
1206
1102
1067
1138
1279
1519
1448
1701
1764
2085
2237
2230
2380
2358
2421
2269
2171
2067
1869
1606
1444
1363
1183
984
887
797
789
624
695
682
720
751
702
756
1401
1104
893
824
765
679
645
623
731
700
689
746
817
887
870
1043
1133
1156
1335
1462
1604
1830
1918
2010
2187
2257
2276
2204
2264
2193
2014
1921
1763
1698
1545
1267
1163
1173
1119
1082
1067
1191
1401
1387
1670
1766
2002
2143
2216
2365
2323
2373
2269
2162
2025
1892
1696
1561
1347
1109
985
869
696
706
637
637
614
705
667
704
650
863
858
880
1052
1172
1300
1431
1491
1718
1884
1920
2078
2257
2248
2282
2190
2256
2212
2067
1860
1800
1675
1489
1305
1228
1134
1104
1063
1108
1206
1469
1498
1669
1970
2135
2156
2328
2410
2464
2340
2274
2251
2051
1905
1646
1393
1323
1178
982
857
803
728
658
707
598
754
711
749
767
846
907
948
1145
1306
1360
1455
1538
1835
1972
1979
2173
2307
2358
2304
2195
2294
2160
2067
1862
1809
1680
1499
1300
1249
1184
1116
1132
1136
1318
1425
1511
1740
1964
2136
2164
2306
2403
2355
2257
2245
2189
1996
1783
1641
1544
1362
1068
1023
937
803
744
726
734
657
697
753
767
850
937
939
1047
1148
1299
1417
1602
1800
1928
1904
2071
2240
2329
2369
2407
2271
2263
2212
1906
1872
1735
1555
1346
1313
1159
1135
1152
1212
1329
1456
1543
1798
1931
2162
2169
2292
2363
2424
2340
2252
2132
2026
1916
1680
1510
1380
1186
1065
959
872
828
677
712
727
781
738
754
757
866
941
853
1069
1301
1303
1468
1552
1797
1974
2032
2125
2236
2373
2348
2305
2287
2254
2122
1925
1858
1628
1552
1343
1289
1223
1159
1186
1232
1352
1473
1602
1738
1961
2081
2179
2315
2392
2384
2312
2248
2152
2010
1850
1643
1504
1376
1161
1024
946
773
774
753
717
723
738
724
739
826
805
820
987
1095
1244
1323
1423
1643
1843
1942
2009
2204
2278
2290
2281
2267
2221
2144
2034
1914
1795
1634
1422
1276
1242
1164
1147
1083
1137
1183
1375
1556
1583
1926
2073
2124
2189
2322
2354
2212
2211
2161
2043
1899
1554
1521
1288
1059
906
855
821
718
643
698
676
686
684
712
703
844
907
901
1054
1205
1285
1388
1498
1725
1905
1990
2072
2198
2295
2225
2186
2232
2070
2000
1873
1783
1555
1499
1334
1260
1191
1145
1084
1147
1327
1414
1573
1732
1944
2097
2176
2289
2348
2351
2184
2202
2116
1948
1731
1610
1420
1305
1120
973
891
764
733
671
696
690
723
721
750
864
845
941
1035
1131
1272
1341
1510
1657
1870
1942
2064
2207
2255
2289
2232
2265
2179
2076
1903
1796
1686
1549
1351
1205
1154
1120
1084
1093
1196
1204
1502
1536
1777
2026
2048
2196
2261
2380
2372
2296
2172
2140
1992
1788
1570
1441
1240
1104
959
824
782
762
658
661
664
742
669
731
827
864
793
991
1185
1254
1403
1526
1652
1852
1961
2045
2188
2331
2363
2273
2301
2282
2202
2039
1897
1753
1619
1472
1291
1200
1208
1125
1087
1205
1332
1442
1555
1789
1983
2101
2201
2311
2265
2332
2267
2201
2131
1860
1725
1584
1428
1259
1130
983
840
760
735
682
618
694
716
722
667
828
873
922
997
1140
1222
1307
1478
1664
1880
1963
2058
2210
2268
2315
2269
2246
2242
2053
1952
1784
1742
1623
1442
1283
1177
1123
1066
1055
1104
1201
1359
1438
1623
1890
2034
2078
2218
2346
2347
2294
2204
2157
2004
1821
1637
1510
1404
1195
938
906
793
734
688
699
708
704
727
762
832
890
871
957
1101
1256
1376
1476
1675
1841
1966
2042
2187
2274
2353
2226
2286
2176
2219
2064
1891
1800
1618
1481
1335
1247
1215
1114
1103
1116
1227
1395
1490
1650
1861
1992
2085
2220
2315
2226
2248
2173
2081
1892
1775
1593
1439
1298
1042
973
902
830
731
710
696
704
622
728
756
760
825
896
964
1066
1189
1302
1441
1684
1831
1959
2045
2238
2166
2329
2307
2278
2273
2167
2048
1871
1805
1649
1502
1325
1214
1148
1081
1070
1054
1258
1293
1445
1573
1883
2027
2066
2248
2279
2381
2281
2214
2079
1928
1727
1570
1425
1239
1045
900
888
747
689
666
714
669
716
660
806
862
920
934
1071
1191
1325
1434
1606
1766
1940
2036
2140
2283
2358
2366
2333
2325
2278
2187
2009
1893
1666
1515
1365
1227
1191
1124
1063
1063
1173
1477
1455
1634
1859
1937
2161
2226
2388
2335
2373
2183
2149
2106
1916
1603
1453
1366
1106
904
850
797
739
620
680
682
738
645
687
750
851
887
805
1052
1200
1294
1391
1531
1713
1862
1986
2106
2169
2328
2267
2302
2333
2201
2137
1951
1841
1705
1594
1347
1221
1164
1101
1062
1093
1206
1348
1475
1599
1854
2011
2079
2172
2348
2392
2230
2247
2148
2057
1813
1627
1457
1333
1197
979
864
780
757
628
656
701
685
738
779
751
888
925
963
960
1188
1307
1419
1566
1708
1926
1922
2021
2183
2332
2228
2355
2393
2263
2261
2075
1995
1816
1662
1496
1276
1206
1175
1089
1198
1281
1276
1472
1635
1822
1995
2064
2147
2276
2460
2386
2351
2293
2195
2051
1838
1675
1401
1315
1094
1006
861
813
737
596
738
722
752
744
783
825
