2115
2000
1860
1803
1679
1528
1372
1332
1218
1106
1053
992
1001
933
933
1010
935
982
982
998
966
937
870
815
767
806
780
896
965
1067
1202
1347
1612
1696
1903
2005
2209
2356
2329
2440
2407
2454
2386
2291
2154
2085
1972
1801
1647
1543
1424
1309
1175
1247
1242
1310
1354
1406
1475
1624
1782
1906
1997
2008
2125
2134
2080
2063
2025
1908
1791
1704
1550
1496
1311
1219
1183
1072
1011
1011
983
978
975
1003
1025
981
991
919
958
914
868
819
754
819
808
929
1034
1184
1280
1532
1720
1868
2108
2218
2327
2424
2463
2445
2453
2385
2274
2168
2078
1957
1796
1635
1538
1414
1353
1248
1194
1218
1238
1380
1410
1560
1709
1786
1901
1978
2089
2093
2124
2085
2077
1953
1893
1826
1681
1609
1428
1316
1237
1169
1069
1011
1017
963
946
970
970
936
963
976
978
952
894
833
793
806
827
857
930
1034
1158
1289
1538
1708
1836
2089
2257
2388
2400
2449
2430
2394
2342
2206
2111
1994
1868
1671
1608
1460
1328
1284
1170
1202
1170
1268
1422
1366
1683
1681
1937
1946
2088
2166
2073
2213
2040
2072
1875
1849
1718
1529
1603
1304
1329
1119
1093
1010
927
1013
881
965
892
960
986
929
998
900
912
839
739
799
809
760
882
928
1050
1239
1345
1584
1794
1979
2097
2246
2396
2372
2499
2467
2471
2358
2304
2230
2073
1943
1810
1662
1502
1395
1326
1240
1228
1244
1263
1476
1445
1696
1723
1834
2000
2042
2218
2154
2197
2061
2154
2063
1867
1887
1582
1601
1351
1281
1202
1081
1071
906
981
971
856
942
938
965
980
960
938
911
840
801
808
808
797
841
915
995
1177
1247
1519
1749
1954
2151
2245
2452
2495
2508
2447
2479
2415
2254
2179
2024
1970
1776
1695
1605
1403
1351
1252
1280
1091
1310
1522
1475
1674
1649
1866
2015
1943
2297
2021
2333
2161
1981
2132
1870
1872
1526
1595
1400
1291
1243
1063
1140
870
1008
962
907
1030
974
1075
990
1037
1057
944
1026
920
792
831
802
823
864
961
1105
1306
1382
1662
1847
2015
2114
2324
2392
2397
2487
2437
2408
2312
2265
2117
1980
1897
1727
1558
1385
1392
1279
1211
1417
1259
1467
1438
1653
1677
1693
1987
1978
2222
2037
2244
2148
2007
2091
1874
1829
1548
1615
1296
1306
1139
1025
1065
833
949
902
940
954
943
1029
1028
1016
1014
1005
839
894
884
774
864
803
893
952
1072
1279
1301
1556
1759
1969
2076
2217
2325
2404
2491
2423
2451
2352
2252
2149
1999
1938
1792
1648
1520
1403
1269
1224
1388
1103
1225
1374
1315
1676
1699
1945
2063
2038
2158
2235
2176
2046
2148
1928
1839
1715
1522
1547
1274
1241
1132
1060
1009
899
905
923
922
934
932
1021
1041
1012
978
1017
944
863
862
786
816
789
877
939
1182
1284
1407
1753
1795
1982
2101
2275
2397
2467
2458
2447
2469
2367
2291
2154
2038
1927
1710
1631
1487
1379
1332
1203
1268
1067
1263
1380
1332
1748
1591
1970
2050
1958
2217
2201
2234
2118
2079
1966
1858
1813
1477
1583
1274
1266
1150
1011
1094
891
907
909
950
981
941
1115
890
1026
1019
961
976
905
826
751
841
760
843
889
1058
1173
1264
1511
1639
1936
2066
2272
2388
2407
2452
2480
2467
2377
2323
2223
2100
2038
1858
1677
1589
1441
1295
1197
1234
1193
1161
1363
1431
1556
1751
1780
2001
2048
2082
2244
2192
2206
2101
2060
1929
1866
1702
1544
1490
1275
1203
1034
988
973
858
929
901
894
941
965
1000
1022
979
971
962
907
817
833
767
813
791
847
988
1139
1262
1448
1628
1816
2043
2181
2286
2453
2505
2419
2475
2440
2320
2221
2086
1978
1815
1664
1586
1465
1332
1235
1172
1296
1145
1353
1433
1430
1763
1745
1989
2037
2170
2119
2204
2206
2081
1873
1892
1707
1540
1544
1287
1232
1084
1055
1011
901
958
913
903
962
994
1019
1073
1034
1013
1008
959
930
828
789
847
738
865
984
1053
1281
1344
1621
1756
2035
2174
2253
2426
2423
2505
2445
2464
2300
2257
2185
2012
1909
1744
1641
1468
1361
1292
1183
1250
1203
1303
1459
1478
1765
1699
1862
2093
1997
2206
2162
2212
2044
2084
1963
1877
1733
1542
1547
1286
1292
1166
1069
1069
931
1025
967
1039
1038
979
1111
1071
1046
1058
963
960
855
842
825
842
826
967
974
1166
1291
1400
1638
1816
2055
2135
2336
2349
2490
2429
2464
2424
2275
2261
2048
1992
1811
1696
1591
1428
1365
1278
1227
1299
1173
1320
1410
1486
1725
1791
1955
2024
2150
2124
2253
2174
2081
2083
1896
1871
1640
1609
1480
1326
1228
1112
1124
1006
1019
1026
996
1016
1021
1097
1084
1092
1052
1026
1026
988
844
821
858
860
822
898
989
1195
1272
1491
1705
1796
2045
2100
2310
2395
2460
2468
2398
2416
2318
2285
2078
2006
1872
1713
1609
1449
1400
1320
1177
1191
1264
1403
1390
1502
1524
1692
1932
1917
2104
2196
2157
2151
2171
2050
2017
1916
1696
1641
1477
1380
1248
1171
1112
1044
1011
1002
1002
994
1012
1065
1063
1055
1091
1113
985
973
912
876
781
830
820
870
868
1024
1192
1279
1540
1641
1901
2022
2244
2317
2335
2494
2406
2415
2353
2272
2155
2016
1929
1794
1660
1510
1419
1319
1231
1223
1185
1297
1329
1467
1481
1761
1752
2000
2065
2086
2267
2061
2154
2048
2004
1918
1774
1699
1400
1460
1199
1256
1044
1046
1046
946
1032
1003
1076
1038
1035
1067
1042
1042
1073
980
890
809
832
815
757
828
829
994
1115
1288
1488
1646
1974
2027
2240
2331
2461
2437
2406
2446
2319
2278
2080
2005
1864
1701
1590
1450
1369
1265
1197
