1088
1048
969
927
885
861
856
830
780
794
836
836
836
888
990
1086
1152
1339
1454
1664
1733
1898
1955
2067
2115
2103
2113
2008
2009
1875
1791
1683
1436
1393
1238
1152
1092
1062
1028
1079
1203
1307
1460
1691
1885
2011
2109
2271
2338
2405
2424
2368
2272
2113
2059
1892
1713
1566
1414
1261
1089
1022
998
882
867
866
857
825
823
755
830
837
895
894
992
1144
1199
1336
1415
1632
1699
1834
1952
2067
2094
2091
2011
2017
2015
1859
1698
1587
1471
1340
1210
1160
1032
1079
1087
1095
1279
1416
1504
1724
1909
2091
2224
2312
2372
2402
2411
2260
2225
2086
1950
1787
1628
1498
1363
1284
1131
1056
972
934
908
845
872
857
815
810
856
874
894
1005
1092
1154
1279
1472
1582
1757
1904
1952
2054
2111
2132
2097
2031
1991
1877
1784
1623
1467
1359
1250
1158
1081
1100
1060
1146
1661
1864
1984
2034
2142
2079
2100
2018
1987
1753
1711
1551
1463
1311
1205
1148
1140
1115
1155
1163
1344
1477
1653
1789
1975
2115
2263
2396
2398
2397
2391
2398
2275
2150
2048
1826
1747
1555
1416
1337
1234
1187
1087
1051
1011
1000
973
966
955
924
880
924
880
969
991
1068
1166
1233
1358
1476
1698
1800
1836
2003
2059
2060
2085
2050
1943
1809
1664
1578
1433
1324
1235
1154
1106
1095
1139
1202
1317
1488
1613
1786
2058
2198
2267
2366
2380
2458
2397
2264
2276
2086
1998
1842
1686
1519
1382
1281
1168
1082
1077
964
992
986
919
988
927
938
923
860
946
933
1057
1187
1173
1389
1513
1670
1734
1910
1991
2040
2055
2075
2024
1951
1917
1740
1617
1491
1385
1253
1168
1107
1061
1092
1168
1228
1318
1500
1681
1864
1974
2162
2244
2382
2391
2438
2396
2320
2226
2094
1988
1792
1619
1473
1381
1280
1155
1062
1021
997
936
923
914
901
889
829
860
745
902
915
987
1104
1170
1364
1423
1572
1713
1888
1937
1990
2115
2034
2060
1906
1880
1761
1663
1507
1392
1288
1135
1090
1050
1073
1116
1145
1275
1469
1714
1801
2009
2128
2256
2365
2388
2440
2309
2252
2147
2022
1893
1772
1573
1424
1289
1139
1118
1002
993
977
969
908
937
924
873
856
864
840
935
915
1055
1148
1271
1350
1467
1658
1738
1916
1981
2060
2031
2067
2048
1953
1824
1728
1628
1430
1363
1231
1098
1024
1031
1036
1144
1217
1328
1467
1693
1748
2059
2184
2336
2357
2439
2460
2360
2384
2184
2063
1881
1738
1595
1417
1320
1172
1106
996
985
945
930
906
891
933
850
860
876
811
886
879
1019
1163
1221
1375
1523
1725
1735
1916
2036
2145
2055
2100
2052
1980
1891
1778
1587
1464
1344
1214
1025
1079
1032
1050
1119
1201
1371
1584
1762
1871
2046
2172
2365
2479
2459
2490
2367
2358
2187
2061
1915
1721
1618
1358
1346
1174
1060
953
1011
986
988
1020
915
936
882
879
907
840
977
975
1089
1190
1337
1423
1610
1743
1920
2016
2045
2068
2102
2071
2066
1992
1873
1725
1602
1429
1327
1188
1108
1070
1016
1109
1168
1285
1379
1611
1815
2016
2218
2302
2364
2492
2490
2410
2409
2358
2103
2038
1873
1759
1645
1468
1350
1222
1125
1063
1000
1010
967
943
970
905
853
909
878
875
938
1022
1098
1195
1370
1489
1621
1686
1886
1997
2029
2130
2111
2120
1973
1969
1856
1717
1570
1434
1306
1195
1148
1113
1081
1124
1199
1261
1460
1666
1799
1981
2179
2248
2422
2381
2467
2463
2409
2291
2178
1967
1818
1670
1504
1393
1286
1179
1147
1027
997
958
944
966
954
923
893
878
880
890
935
1003
1098
1161
1322
1475
1632
1717
1890
1979
1964
2128
2090
2053
2055
1980
1880
1766
1661
1436
1366
1261
1074
1078
1050
1018
1079
1177
1304
1455
1630
1842
2046
2141
2252
2339
2430
2442
2430
2328
2235
2051
2025
1794
1649
1478
1278
1229
1143
1088
1016
1014
949
957
926
887
873
836
871
842
913
925
981
1115
1199
1301
1379
1621
1724
1905
1999
2060
2086
2101
2092
2025
1847
1848
1712
1488
1397
1228
1174
1091
1059
1033
1057
1102
1194
1360
1445
1661
1782
2001
2178
2313
2390
2453
2429
2406
2320
2159
2064
1849
1674
1529
1346
1287
1159
1102
1019
976
886
943
930
911
882
810
862
862
889
881
1039
1106
1087
1344
1464
1664
1713
1842
1907
1979
2088
2080
2057
1971
1915
1776
1632
1487
1388
1250
1131
1050
1032
1046
1082
1136
1298
1451
1584
1787
1996
2094
2292
2320
2386
2501
2314
2351
2181
2076
2005
1779
1700
1528
1388
1218
1158
1104
1010
983
986
935
935
859
828
844
843
870
819
907
1071
1148
1168
1410
1434
1643
1734
1932
1930
2060
2154
2058
2063
1983
1953
1787
1641
1526
1392
1307
1097
1082
1041
1036
1087
1123
1281
1354
1549
1752
1936
2073
2169
2349
2378
2428
2447
2370
2200
2120
1987
1854
1717
1553
1436
1287
1138
1106
1034
1037
966
960
960
913
919
851
813
882
845
959
953
975
1160
1358
1472
1635
1731
1860
2009
2062
2194
2113
2152
2047
2029
1917
1757
1633
1466
1329
1192
1118
1065
1048
1027
1120
1185
1397
1546
1732
1853
2069
2196
2368
2453
2449
2443
2321
2368
2208
2157
1910
1804
1684
1520
1395
1222
1196
1101
1065
1020
1007
931
993
904
926
899
934
913
983
978
1094
1149
1278
1439
1512
1749
1812
1935
2042
2022
2111
2107
2051
1946
1898
1745
1647
1467
1401
1248
1119
1088
1061
1086
1119
1145
1270
1490
1673
1826
2048
2225
2293
2352
2369
2458
2383
2321
2234
2099
1995
1872
1681
1513
1380
1293
1179
1112
1005
968
939
1023
1088
971
922
896
880
912
986
968
1060
1219
1275
1455
1501
1720
