1388
1619
1805
1940
2029
2126
2148
2208
2202
2086
2085
1926
1865
1721
1646
1527
1406
1350
1284
1294
1272
1296
1428
1530
1668
1804
1976
2094
2240
2348
2364
2445
2433
2397
2284
2193
2046
1876
1721
1514
1368
1203
1065
915
833
736
682
666
678
666
645
662
642
731
739
850
851
959
1103
1208
1345
1519
1657
1814
1881
2035
2100
2168
2224
2184
2124
1995
1963
1886
1677
1605
1504
1428
1343
1281
1282
1276
1364
1424
1482
1702
1855
1963
2041
2241
2310
2394
2445
2421
2350
2269
2149
2016
1816
1637
1436
1227
1150
1023
889
787
744
681
642
662
647
568
626
708
712
788
916
931
1018
1202
1314
1479
1698
1833
1928
2068
2135
2238
2219
2222
2144
2115
2022
1829
1777
1660
1566
1406
1280
1282
1279
1288
1286
1369
1486
1649
1832
1970
2104
2236
2358
2412
2457
2479
2430
2233
2201
2081
1931
1768
1592
1351
1186
1057
973
828
778
717
690
664
594
673
694
606
783
756
797
903
1059
1145
1268
1385
1463
1686
1878
1962
2083
2184
2256
2239
2208
2160
2136
2026
1868
1743
1658
1540
1394
1378
1301
1279
1334
1340
1427
1548
1676
1738
1980
2154
2278
2428
2449
2380
2476
2389
2313
2166
2021
1783
1626
1465
1312
1176
981
841
751
748
606
637
578
618
655
621
668
722
763
844
903
1033
1213
1323
1470
1622
1773
1897
2018
2080
2194
2232
2228
2157
2115
2062
1961
1773
1719
1588
1471
1348
1289
1280
1318
1314
1368
1448
1635
1735
1881
1950
2092
2287
2367
2358
2434
2406
2351
2248
2125
1947
1756
1591
1426
1226
1093
1019
852
753
686
632
606
533
644
651
652
625
696
761
873
922
1075
1144
1325
1484
1638
1753
1907
2042
2109
2133
2196
2190
2110
2070
1994
1898
1740
1623
1548
1406
1285
1226
1227
1215
1256
1272
1420
1549
1762
1723
2090
2217
2469
2353
2378
2366
2432
2154
1993
1927
1717
1654
1369
1300
1088
955
785
741
702
630
683
621
632
649
622
759
718
842
830
1043
1162
1282
1453
1430
1733
1827
1956
1954
2126
2196
2183
2143
2032
2021
1938
1814
1680
1602
1479
1409
1260
1266
1274
1237
1315
1359
1539
1643
1788
1938
2065
2227
2348
2370
2377
2404
2264
2171
2084
1947
1727
1598
1423
1264
1161
986
870
801
758
715
685
707
702
710
712
767
690
850
923
981
1125
1262
1345
1524
1718
1871
1842
2053
2088
2171
2160
2150
2101
1972
1955
1827
1719
1608
1497
1387
1290
1273
1270
1310
1356
1446
1579
1748
1855
1995
2101
2261
2365
2393
2418
2320
2307
2210
2058
1930
1722
1547
1380
1182
1072
925
875
766
742
652
692
702
720
723
688
801
762
820
957
1035
1145
1235
1428
1528
1739
1849
1947
2095
2149
2234
2185
2202
2115
2042
1964
1856
1744
1648
1594
1380
1356
1302
1241
1316
1340
1422
1528
1726
1820
1990
2136
2264
2358
2401
2432
2400
2298
2222
2111
1921
1723
1678
1474
1336
1124
1029
921
825
797
739
686
718
698
715
712
722
813
816
874
972
1061
1229
1341
1524
1589
1775
1914
2001
2068
2190
2186
2188
2149
2100
2004
1924
1810
1674
1580
1490
1394
1342
1314
1292
1319
1369
1494
1621
1734
1831
2004
2173
2285
2311
2418
2438
2404
2362
2244
2079
1930
1787
1625
1430
1298
1154
1053
871
810
777
700
657
654
659
724
687
692
790
839
894
965
1083
1213
1351
1465
1616
1766
1916
1964
2054
2177
2202
2189
2128
2104
2022
1928
1838
1696
1603
1491
1396
1321
1300
1346
1301
1357
1438
1573
1734
1866
1995
2115
2298
2365
2393
2412
2424
2342
2218
2144
1962
1748
1585
1403
1265
1105
991
913
793
678
668
613
644
646
604
681
634
766
777
824
880
985
1162
1272
1421
1529
1747
1881
1983
2035
2137
2181
2186
2113
2066
1966
1935
1777
1698
1593
1475
1384
1291
1257
1220
1279
1340
1418
1478
1646
1810
1891
2141
2260
2350
2397
2407
2421
2355
2245
2112
2010
1786
1690
1511
1240
1130
965
804
712
730
702
636
654
582
686
692
653
748
740
871
947
1084
1178
1308
1516
1551
1768
1929
1961
2066
2148
2169
2132
2132
2041
1961
1801
1705
1625
1559
1444
1328
1285
1263
1279
1328
1371
1529
1668
1776
1897
2103
2243
2323
2353
2389
2363
2391
2276
2122
2003
1865
1622
1428
1342
1217
1089
925
829
770
697
679
642
659
621
657
668
737
750
854
880
1024
1124
1251
1440
1565
1788
1872
2021
2075
2142
2212
2182
2145
2035
2015
1857
1835
1723
1606
1504
1327
1303
1305
1292
1320
1343
1478
1601
1672
1877
2071
2186
2303
2400
2358
2452
2415
2284
2181
2091
1979
1765
1606
1406
1218
1049
929
908
797
773
712
724
676
772
710
694
777
793
880
970
1022
1218
1331
1394
1588
1755
1843
1985
2135
2168
2249
2171
2176
2167
2072
1990
1829
1733
1586
1530
1432
1341
1300
1306
1360
1402
1527
1612
1762
1939
2074
2230
2306
2413
2451
2385
2390
2294
2211
2023
1872
1602
1529
1362
1212
1063
952
867
762
754
699
697
644
696
696
759
783
704
869
918
1053
1195
1314
1506
1672
1805
1870
1982
2101
2169
2256
2204
2149
2120
2029
1931
1803
1692
1577
1422
1309
1321
1283
1284
1285
1380
1479
1789
1765
1891
2056
2119
2275
2425
2460
2349
2364
2288
2147
2072
1910
1716
1495
1450
1253
1159
1012
879
904
760
731
667
758
702
695
746
721
780
884
921
1010
1134
1186
1329
1563
1716
1831
1841
2033
2011
2105
2053
2044
2075
1915
1899
1730
1694
1592
1476
1415
1279
1280
1253
1272
1283
1362
1472
1590
1737
1891
2053
2161
2244
2283
2318
2253
