1784
1896
2002
2095
2262
2313
2330
2297
2169
2151
2056
1881
1724
1678
1532
1419
1381
1219
1413
1446
1502
1672
1749
1921
2130
2299
2333
2412
2470
2356
2381
2180
2098
1861
1702
1453
1270
1132
940
864
701
753
655
676
747
719
837
814
913
885
950
883
882
843
953
982
848
1193
1203
1374
1485
1643
1809
1914
2123
2163
2266
2260
2311
2210
2199
2095
1921
1858
1663
1616
1448
1470
1306
1322
1334
1421
1700
1519
1915
2059
2103
2245
2330
2524
2300
2422
2292
2192
2082
1883
1664
1467
1280
1080
1024
815
769
702
699
690
750
821
777
894
913
906
947
906
833
932
892
932
960
1102
1134
1239
1470
1550
1709
1773
1938
2067
2122
2212
2211
2225
2156
2135
2027
1947
1725
1680
1511
1417
1448
1327
1391
1326
1515
1636
1792
1942
2016
2187
2263
2432
2413
2407
2318
2218
2099
1928
1739
1497
1377
1117
1032
882
813
786
667
775
747
861
823
873
944
914
965
882
936
943
884
990
960
1010
1162
1193
1475
1528
1680
1845
1900
1982
2149
2193
2203
2239
2186
2132
2015
1905
1749
1684
1523
1430
1373
1330
1433
1394
1574
1669
1831
1943
2014
2252
2290
2405
2415
2343
2269
2217
2120
1936
1765
1541
1389
1147
1057
887
834
821
685
793
731
803
855
880
981
906
954
876
916
995
874
1011
1044
987
1173
1243
1498
1517
1745
1882
1970
2094
2200
2206
2275
2244
2193
2176
2010
2004
1804
1721
1571
1489
1440
1374
1366
1460
1567
1634
1770
1893
2175
2133
2396
2336
2429
2326
2369
2232
2086
2051
1770
1638
1366
1208
997
972
865
710
833
701
786
817
862
933
876
994
931
1007
922
961
888
1022
1101
932
1240
1248
1407
1512
1713
1863
1894
2126
2108
2237
2204
2268
2176
2105
2043
1974
1913
1696
1669
1489
1497
1403
1400
1548
1530
1583
1770
1953
2062
2169
2333
2312
2413
2358
2306
2286
2122
1997
1813
1699
1469
1281
1104
990
896
787
781
690
784
770
850
889
899
951
888
954
917
959
864
979
1045
985
1213
1241
1412
1513
1705
1832
1954
2128
2131
2233
2237
2268
2196
2172
2010
1949
1904
1659
1688
1508
1490
1474
1425
1480
1497
1627
1782
1899
2065
2171
2324
2333
2385
2359
2304
2271
2072
1950
1721
1588
1372
1185
1078
927
819
730
756
660
712
734
797
857
865
884
891
866
871
904
894
979
1090
992
1207
1203
1341
1548
1629
1759
1916
2056
2110
2205
2216
2220
2159
2117
2025
1945
1867
1719
1657
1485
1459
1445
1369
1466
1497
1576
1750
1819
2038
2124
2308
2346
2370
2430
2388
2316
2152
1988
1841
1643
1413
1292
1161
951
844
745
715
658
679
657
730
753
805
877
828
919
865
815
956
810
968
1020
1108
1078
1279
1447
1485
1741
1843
1917
2055
2207
2209
2237
2212
2074
2101
1945
1914
1698
1670
1558
1445
1424
1381
1481
1473
1633
1723
1813
2029
2128
2281
2340
2360
2392
2426
2308
2187
2001
1824
1622
1414
1256
980
933
778
741
707
642
689
670
684
784
801
875
836
894
832
847
932
891
927
995
1136
1230
1320
1519
1563
1789
1929
2070
2148
2165
2263
2267
2251
2182
2132
1975
1888
1722
1642
1505
1424
1446
1342
1469
1492
1583
1784
1745
1963
2192
2301
2351
2419
2388
2348
2376
2099
2053
1777
1642
1330
1233
1069
852
802
653
693
590
725
682
828
835
849
869
853
1000
847
916
958
883
943
935
1180
1168
1338
1553
1563
1845
1936
2156
2178
2318
2299
2338
2300
2205
2216
2015
1950
1768
1709
1569
1477
1489
1405
1482
1468
1659
1704
1893
2056
2204
2306
2379
2426
2481
2454
2300
2223
2131
1907
1630
1476
1258
1380
1542
1860
1935
2098
2155
2269
2252
2240
2188
2174
2044
1943
1841
1626
1659
1514
1507
1392
1425
1517
1629
1653
1719
1974
2100
2232
2323
2366
2411
2447
2333
2307
2162
1985
1818
1569
1473
1282
1152
1023
888
810
709
732
766
793
837
802
831
882
921
933
852
892
993
873
982
1035
1148
1265
1295
1592
1563
1733
1852
1980
2170
2207
2270
2209
2275
2173
2151
1966
1927
1791
1671
1631
1489
1461
1403
1366
1502
1483
1729
1820
1887
2130
2187
2389
2401
2469
2427
2362
2318
2182
1971
1765
1609
1319
1241
1096
1010
807
764
753
690
756
725
813
835
784
910
839
918
877
932
921
826
1024
998
1210
1168
1372
1570
1608
1796
1845
2030
2093
2198
2142
2223
2197
2119
2105
1938
1854
1721
1661
1466
1451
1443
1362
1355
1411
1548
1596
1792
1924
2052
2219
2250
2324
2391
2418
2290
2217
2107
1931
1756
1477
1378
1156
994
876
836
750
678
676
724
687
757
835
841
832
814
896
798
797
839
796
864
915
1069
1092
1232
1519
1471
1737
1825
2030
2033
2192
2176
2226
2158
2118
2072
1886
1888
1629
1543
1454
1414
1398
1314
1385
1411
1550
1682
1780
2003
2104
2239
2322
2368
2396
2357
2310
2152
2040
1892
1662
1515
1313
1158
987
889
805
731
724
669
750
773
755
835
790
837
875
876
825
978
797
984
986
1009
1219
1188
1532
1474
1766
1818
1951
2056
2135
2250
2176
2272
2112
2148
1961
1894
1809
1629
1630
1387
1451
1335
1366
1451
1487
1691
1704
1890
1991
2345
2222
2318
2506
2361
2381
2258
2203
1978
1964
1633
1515
1302
1194
945
875
903
754
825
741
809
880
838
865
865
1031
952
904
1018
886
1051
1056
1077
1244
1319
1546
1549
1791
1900
2004
2069
2095
2217
2193
2211
2130
2096
1890
1987
1784
1722
1648
1501
1492
1427
1504
1530
1510
1654
1855
2008
2082
2228
2348
2380
