1707
1665
1565
1469
1497
1477
1505
1492
1506
1602
1694
1728
1772
1777
1819
1838
1775
1769
1657
1644
1551
1508
1436
1259
1251
1089
1085
899
887
776
696
786
619
728
655
868
841
966
1190
1135
1549
1589
1802
1866
2155
2180
2191
2388
2247
2369
2189
2210
2118
2049
2019
1815
1798
1649
1645
1441
1530
1422
1444
1478
1578
1557
1627
1736
1699
1809
1746
1883
1723
1812
1688
1659
1653
1453
1413
1275
1235
1105
1025
1016
874
811
751
711
755
616
752
597
796
920
959
1126
1263
1454
1563
1790
1888
1984
2213
2158
2305
2306
2388
2272
2218
2299
2093
2054
1902
1831
1773
1666
1643
1547
1525
1491
1501
1505
1579
1597
1640
1690
1735
1779
1787
1766
1769
1756
1708
1643
1597
1483
1329
1306
1226
1082
1019
945
829
808
723
727
648
696
681
730
817
878
1083
1215
1497
1560
1646
1889
2001
2205
2229
2355
2284
2346
2331
2211
2246
2063
2081
1848
1861
1751
1650
1613
1492
1544
1368
1518
1530
1530
1649
1570
1733
1733
1827
1761
1812
1791
1731
1674
1580
1550
1443
1394
1267
1154
1101
844
923
805
689
681
640
755
656
745
694
923
900
1109
1209
1159
1496
1621
1862
1939
2135
2205
2216
2364
2251
2369
2258
2223
2132
2062
1980
1854
1808
1691
1613
1544
1494
1508
1465
1515
1510
1616
1623
1723
1682
1772
1802
1772
1792
1734
1716
1623
1560
1470
1385
1337
1210
1122
1024
936
885
797
750
689
651
665
684
734
865
877
978
1141
1282
1519
1608
1845
1904
2116
2213
2220
2358
2300
2394
2253
2219
2144
2060
2062
1876
1864
1722
1661
1592
1539
1524
1446
1537
1520
1632
1660
1724
1756
1796
1803
1816
1828
1725
1747
1599
1597
1524
1423
1369
1192
1162
952
948
906
803
820
677
755
647
749
747
815
941
973
1184
1234
1525
1616
1803
1944
1963
2192
2179
2335
2292
2274
2296
2244
2272
2083
2069
1945
1748
1747
1641
1681
1570
1518
1539
1500
1533
1520
1622
1674
1686
1792
1760
1840
1802
1777
1714
1669
1659
1516
1431
1357
1244
1101
979
1044
939
847
787
730
748
682
740
675
752
892
896
1104
1172
1389
1577
1692
1888
1974
2228
2176
2318
2331
2332
2356
2198
2251
2066
2009
1889
1818
1763
1642
1634
1513
1550
1563
1555
1587
1622
1680
1694
1773
1780
1802
1781
1798
1736
1710
1652
1550
1495
1370
1290
1153
1081
1064
917
916
813
718
705
686
688
732
724
733
934
993
1135
1253
1463
1586
1751
1960
2022
2187
2207
2313
2260
2339
2278
2160
2158
2005
1973
1816
1795
1689
1600
1591
1526
1510
1461
1525
1554
1554
1635
1763
1736
1789
1825
1853
1872
1790
1711
1645
1643
1497
1392
1294
1184
1186
1027
923
887
812
799
658
714
708
677
697
687
861
893
958
1174
1268
1476
1607
1841
1936
2163
2188
2225
2346
2234
2342
2222
2228
2097
2049
1990
1860
1819
1673
1649
1562
1485
1449
1531
1555
1593
1692
1701
1813
1780
1853
1843
1841
1849
1740
1761
1550
1542
1434
1290
1263
1078
1050
926
845
768
690
590
622
616
668
683
759
855
903
1130
1185
1424
1597
1726
1974
2009
2184
2238
2363
2358
2315
2399
2172
2267
2116
2080
1949
1837
1795
1539
1594
1521
1463
1479
1477
1467
1537
1513
1669
1718
1775
1776
1785
1905
1736
1730
1756
1657
1701
1577
1475
1360
1413
1260
1185
1099
1051
934
839
792
696
653
649
682
662
669
800
846
1057
1126
1396
1499
1679
1873
1969
2228
2252
2388
2438
2391
2436
2332
2323
2017
2097
1949
1904
1762
1704
1602
1564
1514
1443
1519
1405
1557
1625
1620
1794
1701
1851
1813
1781
1834
1752
1827
1558
1616
1483
1366
1283
1056
1137
891
877
765
711
588
642
571
653
624
689
882
821
1088
1213
1387
1484
1733
1938
2068
2273
2209
2395
2296
2403
2287
2241
2236
2041
2053
1762
1863
1724
1572
1571
1527
1483
1493
1494
1509
1603
1585
1728
1703
1765
1807
1738
1878
1770
1801
1720
1633
1615
1502
1413
1211
1291
1109
1032
998
792
803
705
705
650
712
732
743
930
857
1100
1176
1340
1563
1669
1887
1959
2105
2201
2270
2348
2194
2330
2241
2141
2108
1954
1972
1819
1764
1627
1566
1488
1411
1442
1459
1445
1531
1544
1637
1698
1738
1729
1855
1821
1893
1782
1835
1697
1718
1667
1521
1507
1317
1220
1105
1031
929
825
834
696
736
612
749
681
729
862
874
1093
1200
1428
1558
1684
1903
1935
2203
2181
2341
2245
2363
2216
2252
2269
2087
2057
1914
1804
1739
1599
1612
1523
1487
1496
1498
1628
1467
1497
1428
1472
1457
1575
1538
1603
1761
1754
1839
1815
1875
1876
1771
1789
1709
1696
1485
1475
1330
1244
1134
979
971
818
782
674
662
556
623
720
682
812
842
1007
1083
1233
1475
1538
1813
1904
2101
2178
2281
2375
2224
2357
2293
2194
2191
2029
2002
1844
1846
1720
1591
1558
1435
1419
1413
1411
1427
1524
1544
1659
1682
1801
1775
1807
1872
1821
1842
1738
1707
1600
1530
1467
1326
1279
1116
1013
946
811
780
717
722
733
665
697
671
789
876
953
1132
1147
1449
1487
1761
1863
2038
2165
2184
2259
2276
2279
2245
2146
2111
2016
1956
1795
1671
1608
1523
1476
1441
1409
1341
1403
1450
1483
1558
1692
1717
1738
1827
1804
1891
1743
1837
1756
1739
1697
1555
1484
1337
1295
1146
1065
1021
835
840
753
694
684
707
711
688
725
811
978
1218
1219
1427
1572
1764
1870
1971
2182
2218
2205
2278
2305
2228
2244
2172
2171
1987
1931
1771
1791
1544
1572
1518
1466
1472
1319
1469
1488
1636
1574
1638
1755
1736
1835
1789
1892
1812
1801
