1973
1997
1977
1929
1868
1782
1682
1625
1500
1387
1321
1147
1118
1118
1063
1048
1018
1047
1040
992
1072
1004
1032
994
1036
1000
1010
1001
1001
839
954
905
868
886
878
944
980
1033
1252
1295
1344
1508
1720
1946
2004
2196
2329
2445
2514
2459
2438
2430
2361
2249
2166
2061
1901
1777
1696
1630
1435
1460
1383
1463
1514
1565
1598
1667
1669
1866
1957
1824
2068
1927
2052
2014
1856
1835
1839
1731
1623
1556
1338
1362
1276
1265
1060
1140
1107
1067
1046
1064
1111
1107
1042
1085
1098
1041
1067
1017
997
976
987
864
956
856
923
935
955
1072
1200
1249
1371
1584
1679
1760
2047
2122
2284
2410
2433
2480
2509
2414
2383
2274
2078
2046
1956
1823
1753
1639
1542
1464
1384
1362
1408
1472
1563
1590
1716
1678
1862
1929
1947
1974
1977
1953
1908
1872
1729
1693
1635
1529
1470
1375
1293
1298
1203
1184
1171
1094
1117
1128
1130
1103
1093
1099
1069
1084
1051
1022
993
949
943
915
896
938
925
913
960
1027
1156
1217
1294
1384
1552
1785
1799
2041
2121
2312
2346
2378
2397
2413
2353
2295
2182
2017
1988
1877
1791
1689
1604
1484
1448
1408
1444
1442
1450
1440
1613
1693
1794
1845
1943
1962
1946
1925
1943
1891
1794
1750
1636
1600
1558
1309
1312
1237
1201
1112
1155
1144
1102
1109
1101
1144
1083
1015
1105
1046
1087
1029
1068
1020
993
957
907
1000
891
961
1002
1031
1186
1210
1346
1497
1641
1848
1903
2153
2221
2350
2415
2449
2455
2345
2363
2269
2188
2060
2013
1882
1717
1641
1538
1427
1292
1404
1461
1416
1561
1618
1717
1811
1877
1924
1969
1970
1928
1988
1923
1927
1768
1697
1539
1540
1462
1289
1297
1259
1199
1171
1740
1571
1461
1388
1347
1258
1336
1333
1368
1467
1497
1620
1728
1812
1770
1830
1867
1751
1836
1770
1722
1649
1596
1487
1390
1301
1249
1228
1190
1109
1117
1069
1042
961
905
1039
1008
975
1011
971
953
905
947
929
874
867
899
907
861
947
915
990
1201
1228
1381
1549
1747
1895
1942
2166
2227
2414
2456
2484
2498
2450
2373
2304
2186
2134
1990
1764
1740
1669
1552
1499
1431
1433
1464
1458
1505
1654
1701
1746
2027
1883
2033
2058
2123
1885
1980
1791
1844
1825
1818
1653
1538
1455
1393
1321
1266
1218
1239
1163
1214
1125
1186
1117
1163
1088
1109
1174
1108
1098
955
1047
1033
914
959
886
920
976
978
1039
1205
1300
1397
1480
1796
1884
1990
2162
2282
2400
2427
2408
2466
2457
2363
2209
2206
2096
1998
1774
1745
1689
1575
1558
1496
1509
1565
1552
1607
1698
1749
1814
1874
1979
1924
1998
2018
1960
1937
1885
1739
1725
1577
1502
1407
1350
1337
1261
1187
1117
1124
996
1090
1062
1067
1052
1035
1073
1039
1020
999
982
953
940
898
899
862
919
863
888
1018
1093
1145
1317
1491
1627
1829
1955
2051
2222
2364
2449
2469
2516
2461
2428
2347
2262
2132
2085
1886
1707
1696
1545
1532
1454
1421
1435
1482
1515
1608
1665
1702
1866
1949
1972
1934
1982
1982
1888
1858
1712
1656
1549
1456
1348
1320
1228
1179
1130
1066
1063
1018
1038
1009
1043
1061
954
1000
1028
993
974
959
956
932
873
865
832
898
988
989
1150
1176
1394
1571
1670
1979
2017
2217
2258
2476
2438
2486
2507
2469
2439
2271
2195
2068
1978
1822
1648
1606
1563
1486
1474
1337
1475
1532
1608
1668
1736
1826
1916
1971
2034
1994
1954
1997
1774
1842
1717
1618
1540
1414
1213
1259
1172
1125
1062
1041
923
1006
1005
1004
1035
994
924
1033
989
972
1033
1022
963
983
961
953
970
1014
1067
1166
1292
1314
1544
1700
1877
1992
2075
2176
2267
2386
2423
2442
2441
2403
2327
2124
2113
2001
1885
1702
1648
1510
1460
1418
1318
1359
1378
1446
1379
1547
1602
1694
1738
1766
1776
1860
1859
1818
1791
1771
1666
1632
1538
1480
1343
1314
1252
1203
1135
1087
1050
1059
1058
971
970
999
1038
978
1002
977
1011
1005
961
935
917
969
981
951
972
917
1006
1110
1224
1322
1486
1545
1823
1966
2033
2185
2312
2400
2440
2459
2463
2414
2360
2258
2173
2042
1945
1775
1685
1600
1532
1507
1436
1391
1458
1517
1545
1640
1672
1728
1846
1891
1951
1951
1957
1925
1869
1813
1626
1665
1525
1430
1345
1275
1232
1169
1122
1062
1068
1017
949
1050
1026
1055
1039
983
1068
1065
1000
1061
995
1071
1045
1087
1073
1089
1129
1158
1355
1364
1485
1668
1800
1956
2069
2249
2338
2422
2500
2446
2486
2462
2381
2305
2242
2082
2007
1829
1693
1523
1541
1518
1469
1401
1439
1516
1552
1591
1667
1777
1830
1868
1795
1925
1940
1888
1830
1803
1661
1666
1517
1404
1355
1267
1166
1087
1108
1069
1005
1004
1021
1019
1003
995
985
1029
1018
1008
1014
1026
988
963
987
1021
1018
1054
1046
1121
1278
1304
1397
1592
1657
1908
1915
2157
2239
2353
2389
2433
2433
2404
2356
2272
2157
2092
1938
1815
1707
1620
1451
1517
1333
1395
1472
1489
1472
1611
1720
1736
1821
1814
1810
1871
1877
1828
1724
1641
1605
1480
1411
1315
1239
1167
1113
1059
1035
987
970
981
971
964
949
978
997
990
970
974
972
955
973
944
939
982
1000
1030
1063
1090
1249
1302
1401
1526
1772
2000
2035
2213
2313
2387
2462
2419
2412
2435
2306
2207
2115
1969
1905
1757
1637
1547
1476
1437
1356
1354
1393
1402
1398
1567
1649
1717
1768
1787
1873
1894
1912
1885
1794
1754
1732
1644
1596
1395
1442
1281
1275
1186
1149
1093
970
1050
1001
1018
981
949
1024
921
1013
1016
1020
985
1036
981
1049
1037
1020
1068
1084
1077
1142
1226
1334
1411
1501
1600
1863
2027
2117
