1776
1972
2111
2266
2345
2477
2452
2390
2414
2331
2310
2099
1997
1832
1747
1612
1520
1509
1414
1472
1377
1554
1711
1704
1952
1990
2006
2110
2219
2082
2123
2081
1986
1878
1739
1626
1433
1380
1166
1164
1050
950
918
897
857
798
854
830
865
819
844
759
775
675
638
757
737
765
876
940
1126
1309
1469
1617
1869
2038
2163
2258
2427
2497
2472
2446
2385
2349
2205
2088
1965
1812
1739
1568
1502
1456
1418
1542
1592
1665
1814
1819
1932
2077
2177
2153
2190
2147
2115
1984
1916
1761
1650
1475
1328
1232
1108
1053
979
911
886
865
818
864
846
828
870
903
816
786
730
640
658
727
744
887
932
1148
1338
1433
1662
1921
2120
2232
2350
2443
2474
2418
2382
2356
2331
2154
2038
1882
1753
1646
1552
1487
1449
1473
1563
1573
1708
1800
1844
2015
2098
2176
2190
2172
2187
2105
1991
1958
1721
1660
1471
1388
1250
1116
1059
961
906
840
850
851
825
840
855
831
824
787
746
732
585
721
771
694
828
936
1181
1306
1515
1680
1932
2136
2248
2325
2462
2459
2443
2446
2337
2356
2131
2028
1922
1774
1669
1569
1484
1450
1520
1375
1511
1743
1763
1911
2030
2147
2137
2222
2192
2167
2164
2021
1879
1803
1629
1439
1326
1219
1114
1012
940
874
862
820
846
890
893
869
865
867
822
805
714
675
767
761
725
828
971
1171
1317
1436
1652
1906
2095
2223
2313
2467
2478
2437
2426
2353
2338
2105
2028
1913
1787
1706
1559
1492
1449
2064
2079
2016
1940
1868
1770
1613
1546
1430
1356
1211
1184
1136
1074
1056
1015
1032
1026
999
995
1020
985
961
932
866
840
724
665
807
797
778
918
1106
1319
1437
1601
1758
2043
2188
2291
2344
2498
2459
2384
2374
2278
2248
2011
1880
1793
1635
1605
1444
1401
1378
1413
1354
1449
1547
1640
1741
1788
1898
1996
1984
1975
2037
1982
1878
1841
1772
1645
1514
1441
1354
1308
1224
1086
1130
1064
1041
1023
1037
1058
1038
1008
993
964
951
908
799
787
679
744
764
827
910
998
1258
1379
1582
1757
2038
2170
2269
2313
2415
2494
2380
2354
2293
2209
2002
1951
1886
1716
1620
1456
1427
1404
1388
1384
1510
1594
1635
1737
1874
1943
1971
2049
2027
2051
2025
1910
1838
1764
1649
1528
1426
1383
1263
1210
1142
1126
1117
1030
1068
1080
1091
1058
1021
1041
1030
932
904
831
743
661
762
808
850
945
1067
1275
1429
1684
1822
2081
2220
2299
2312
2463
2466
2389
2344
2256
2217
1990
1896
1781
1669
1457
1429
1382
1343
1371
1415
1464
1592
1669
1796
1873
1947
2041
2056
2041
2076
2070
1947
1860
1769
1751
1578
1480
1403
1315
1237
1134
1159
1120
1095
1040
1054
1048
1016
1004
990
1014
911
886
841
769
675
774
826
789
940
1027
1263
1437
1692
1858
2086
2207
2317
2377
2500
2446
2416
2353
2254
2246
1981
1851
1747
1651
1470
1440
1403
1377
1349
1424
1524
1625
1721
1821
1954
2017
2049
2072
2104
2027
1964
1928
1837
1725
1591
1486
1398
1306
1230
1161
1085
1088
1088
1037
1009
1061
1029
1040
996
1000
1026
930
873
799
794
746
762
770
830
877
1134
1341
1515
1678
1891
2085
2216
2321
2418
2496
2445
2419
2300
2255
2103
1957
1777
1686
1580
1451
1386
1363
1368
1352
1426
1549
1633
1752
1836
1955
2034
2075
2045
2105
2094
1989
1941
1848
1746
1596
1443
1383
1299
1223
1129
1112
1088
1044
1019
1056
1040
1023
1016
989
1005
928
886
814
767
651
736
767
765
893
1019
1232
1382
1619
1802
2053
2203
2304
2356
2514
2474
2403
2357
2267
2163
1943
1824
1706
1628
1460
1377
1385
1387
1327
1510
1561
1625
1749
1847
2040
2066
2092
2144
2139
2066
1987
1893
1807
1649
1547
1414
1344
1268
1155
1124
1093
1064
1051
1057
1064
1088
1101
1103
1017
1050
981
890
920
769
663
761
765
766
892
1025
1227
1417
1568
1783
2074
2213
2284
2381
2472
2462
2414
2300
2236
2109
1918
1819
1670
1602
1420
1364
1361
1378
1333
1434
1576
1693
1793
1882
2017
2069
2131
2127
2131
2103
1972
1899
1831
1664
1587
1497
1378
1289
1196
1153
1104
1062
1061
1080
1050
1076
1071
1070
978
987
965
878
833
703
635
699
711
744
837
959
1216
1384
1587
1825
2078
2179
2252
2379
2492
2473
2385
2317
2268
2184
2010
1868
1722
1608
1486
1382
1350
1385
1338
1356
1508
1605
1744
1843
1960
2093
2096
2090
2124
2141
2029
1916
1830
1757
1659
1482
1391
1304
1224
1109
1108
1069
1074
1066
1058
1124
1092
1097
1059
1082
1019
964
927
848
719
703
735
770
822
943
1170
1372
1550
1704
2003
2112
2251
2373
2408
2514
2410
2354
2244
2172
2068
1899
1756
1624
1546
1404
1352
1317
1410
1346
1476
1642
1794
1816
1941
2100
2152
2149
2148
2142
2057
1939
1864
1792
1670
1506
1377
1308
1226
1131
1091
1083
1078
1049
1004
1085
1086
1041
1045
1041
1052
957
863
834
719
610
765
736
718
889
1071
1322
1467
1696
1811
2092
2246
2309
2369
2499
2489
2423
2327
2254
2173
1933
1785
1678
1600
1429
1364
1337
1345
1372
1431
1489
1631
1791
1809
1855
2048
2132
2121
2148
2165
2070
2038
1918
1782
1696
1541
1401
1309
1225
1199
1110
1043
1065
1072
1026
1044
1093
1080
1049
1023
1001
941
872
776
706
688
765
777
874
956
1165
1394
1440
1690
1960
2094
2217
2344
2438
2499
2414
2357
2303
2155
2034
1842
1754
1607
1522
1402
1339
1332
1394
1373
1485
1610
1707
1906
1921
2040
2104
2176
2082
2086
2052
1948
1820
1681
1630
1435
1330
1257
1183
1147
1069
1045
1031
1066
1059
1052
1093
