2200
2027
1872
1737
1612
1484
1335
1210
1138
1085
1005
1023
1026
1026
1027
1069
1096
1122
1099
1053
1026
984
908
816
717
601
710
687
769
827
973
1327
1356
1629
1824
2114
2253
2287
2401
2505
2478
2344
2301
2085
2068
1803
1702
1584
1489
1366
1259
1310
1312
1416
1428
1602
1747
1989
2060
2190
2265
2288
2241
2223
2166
2000
1873
1739
1624
1486
1353
1176
1156
1078
1037
1029
1062
1067
1073
1057
1081
1094
1055
1074
1048
951
879
770
675
596
724
679
786
866
1019
1344
1430
1674
1865
2062
2223
2307
2364
2473
2440
2331
2219
2123
2074
1820
1682
1553
1450
1358
1263
1314
1325
1406
1449
1616
1792
1949
2027
2099
2221
2280
2296
2268
2222
2105
1983
1869
1702
1591
1413
1264
1166
1124
1050
1032
1027
1034
1068
1064
1099
1104
1084
1093
1037
999
975
827
754
623
734
734
681
887
877
1099
1334
1532
1727
1878
2133
2249
2337
2384
2482
2360
2339
2218
2101
1954
1740
1678
1455
1450
1351
1279
1314
1374
1421
1507
1693
1818
1971
2012
2174
2253
2288
2274
2189
2171
2063
1910
1766
1627
1472
1323
1221
1165
1134
1081
1045
1068
1099
1101
1107
1133
1152
1142
1120
1056
969
877
838
699
604
718
728
811
899
1017
1337
1425
1616
1827
2069
2250
2302
2386
2483
2464
2348
2316
2161
2080
1872
1703
1614
1496
1425
1310
1324
1353
1422
1450
1631
1732
1881
2015
2037
2238
2282
2289
2264
2201
2150
2013
1869
1739
1594
1410
1298
1225
1164
1091
1053
1042
1082
1096
1104
1114
1130
1095
1107
1081
1007
976
863
786
673
705
784
761
893
917
1164
1369
1455
1718
1906
2188
2278
2342
2403
2493
2443
2339
2252
2116
2041
1769
1682
1604
1478
1389
1293
1318
1347
1439
1475
1666
1792
1964
2017
2186
2241
2226
2278
2202
2176
2016
1909
1763
1623
1477
1359
1280
1174
1131
1077
1053
1057
1085
1082
1121
1131
1108
1117
1061
1016
981
872
865
687
636
743
786
870
857
1101
1343
1441
1675
1854
2137
2259
2314
2366
2471
2401
2345
2161
2113
2008
1766
1689
1518
1490
1315
1287
1274
1348
1365
1404
1617
1764
1949
1983
2170
2243
2257
2256
2235
2153
2025
1841
1765
1594
1467
1325
1223
1150
1073
1038
1035
1057
1045
1093
1101
1084
1108
1104
1065
1048
974
882
795
628
769
739
771
867
873
1205
1327
1480
1726
1985
2155
2232
2295
2369
2458
2284
2282
2135
2109
1962
1746
1664
1496
1424
1273
1263
1254
1301
1302
1393
1610
1708
1861
1995
2136
2218
2271
2244
2282
2249
2077
1984
1890
1764
1586
1409
1303
1204
1085
1025
1029
1051
1037
1035
1048
1102
1104
1076
1144
1060
1074
928
841
818
651
712
781
723
839
889
1091
1349
1455
1710
1850
2050
2222
2280
2347
2434
2359
2324
2217
2095
2050
1805
1682
1563
1456
1341
1267
1263
1275
1315
1344
1500
1703
1865
1909
2032
2175
2193
2283
2261
2244
2155
2051
1904
1784
1630
1453
1267
1215
1150
1109
1037
1046
1044
1047
1090
1129
1137
1147
1116
1070
1074
965
881
792
684
644
727
747
829
878
1114
1342
1472
1671
1880
2148
2256
2324
2418
2474
2390
2344
2261
2091
1979
1749
1650
1473
1457
1328
1267
1266
1300
1325
1406
1610
1723
1813
1949
2085
2228
2254
2262
2256
2243
2142
1978
1861
1733
1542
1341
1308
1223
1149
1079
1045
1098
1078
1109
1124
1171
1198
1131
1190
1128
1109
941
895
820
706
667
685
716
845
861
1054
1348
1423
1675
1872
2120
2278
2324
2430
2493
2434
2345
2241
2077
2032
1787
1699
1573
1460
1369
1261
1252
1301
1311
1363
1621
1724
1835
1981
2057
2244
2264
2246
2277
2289
2122
2008
1859
1741
1572
1379
1348
1222
1181
1068
1024
1103
1098
1078
1081
1165
1183
1162
1122
1136
1062
997
876
811
710
674
712
1147
1466
1712
1928
2160
2275
2331
2388
2427
2372
2278
2169
2044
1933
1701
1618
1499
1447
1388
1341
1356
1448
1542
1651
1805
1908
2023
2085
2209
2234
2192
2154
2099
2035
1919
1745
1604
1497
1337
1233
1172
1117
1082
1078
1066
1111
1130
1126
1164
1155
1169
1133
1056
986
950
837
746
719
528
753
800
814
873
1156
1403
1457
1687
1871
2121
2282
2304
2385
2459
2453
2321
2224
2065
1999
1819
1630
1597
1466
1424
1346
1319
1358
1450
1503
1609
1757
1873
2006
2062
2204
2258
2268
2197
2136
2087
1931
1799
1616
1477
1364
1250
1178
1118
1099
1049
1040
1060
1122
1093
1128
1145
1179
1143
1066
1085
993
875
778
673
765
783
743
882
996
1254
1398
1599
1827
2053
2211
2285
2344
2404
2458
2279
2254
2047
2020
1801
1646
1620
1469
1416
1292
1318
1333
1413
1487
1545
1746
1860
2025
2094
2233
2261
2269
2270
2197
2142
1978
1836
1691
1546
1406
1298
1211
1149
1103
1065
1063
1080
1089
1112
1138
1132
1170
1158
1114
1074
1045
925
780
749
697
750
803
936
886
1119
1387
1478
1709
1915
2160
2268
2329
2365
2458
2382
2282
2196
2039
1949
1768
1645
1519
1451
1364
1305
1346
1380
1456
1505
1642
1819
1990
2091
2191
2269
2263
2279
2221
2158
2050
1894
1756
1599
1467
1344
1224
1126
1076
1066
1043
1067
1066
1091
1121
1135
1177
1144
1114
1130
1029
968
946
834
629
800
790
776
963
956
1301
1403
1637
1828
2025
2196
2248
2316
2372
2385
2271
2218
2053
2031
1852
1637
1613
1451
1373
1294
1325
1348
1412
1475
1611
1786
1923
2009
2100
2205
2256
2231
2225
2147
2083
1933
1760
1666
1478
1351
1220
1132
1116
1031
1026
1016
1044
1088
1103
1126
1130
1133
1128
1075
1014
945
833
730
762
807
752
807
874
1050
1352
1388
1630
1849
2028
2127
