2267
2402
2334
2306
2270
2173
2056
1929
1780
1653
1539
1359
1279
1184
1119
1026
1055
1122
1153
1235
1395
1536
1688
1852
1989
2134
2221
2329
2327
2356
2367
2273
2121
2042
1923
1804
1594
1419
1285
1153
1018
1007
971
974
1006
1055
1134
1198
1254
1312
1372
1390
1397
1400
1370
1311
1222
1202
1075
1042
970
854
877
881
820
1026
1006
1187
1400
1496
1836
1873
2078
2245
2219
2416
2340
2392
2262
2206
2113
1985
1891
1738
1624
1429
1331
1185
1145
1126
1042
1086
1105
1187
1295
1418
1706
1680
1909
2051
2201
2179
2417
2365
2386
2392
2210
2149
1937
1815
1687
1386
1338
1240
1045
1048
959
989
991
1023
1061
1121
1189
1260
1361
1371
1421
1408
1413
1382
1335
1216
1179
1155
1015
928
883
762
841
837
868
1010
1109
1360
1397
1632
1834
1982
2190
2317
2401
2409
2389
2351
2308
2210
2089
1930
1769
1674
1482
1379
1288
1139
1127
1044
1075
1118
1160
1259
1399
1545
1709
1870
2061
2201
2271
2354
2458
2381
2320
2275
2119
1946
1804
1668
1486
1299
1151
1085
984
955
926
981
1018
1071
1136
1259
1280
1352
1412
1466
1412
1380
1395
1333
1231
1207
1126
977
964
809
896
863
850
976
1020
1207
1382
1484
1775
1936
2143
2250
2315
2428
2376
2351
2327
2227
2120
2004
1838
1737
1557
1411
1300
1181
1139
1102
1068
1094
1136
1229
1351
1439
1737
1675
1951
2004
2037
2509
2228
2402
2391
2282
2254
2025
1906
1878
1505
1459
1312
1135
1030
1002
902
1011
942
1049
1124
1114
1248
1255
1367
1365
1364
1397
1388
1323
1338
1211
1175
1012
1013
818
844
926
819
859
967
1114
1303
1368
1540
1790
1926
2116
2163
2349
2346
2308
2312
2282
2183
2055
1882
1771
1610
1495
1360
1249
1183
1132
1050
1097
1132
1164
1273
1377
1558
1593
1785
2126
2028
2311
2306
2331
2466
2251
2164
2153
1909
1856
1560
1482
1362
1132
1020
1023
923
928
947
957
1110
1058
1212
1298
1352
1391
1392
1429
1432
1315
1315
1274
1163
1107
1075
965
848
891
810
824
929
965
1129
1286
1390
1618
1780
1979
2131
2185
2325
2359
2339
2323
2260
2136
2098
1892
1789
1653
1478
1366
1265
1157
1160
1099
1065
1139
1212
1446
1457
1670
1803
1785
2064
2100
2244
2338
2272
2337
2301
2153
2099
1890
1813
1592
1445
1323
1252
1095
1038
996
1014
1000
1046
1123
1133
1246
1282
1339
1434
1419
1432
1418
1417
1361
1316
1220
1139
1050
978
842
899
888
873
942
1080
1213
1342
1498
1689
1867
2049
2163
2304
2338
2368
2356
2287
2261
2134
1994
1852
1734
1567
1451
1286
1220
1148
1109
1085
1115
1151
1217
1376
1472
1652
1980
1999
2169
2309
2226
2412
2307
2372
2304
2150
2008
1863
1654
1437
1312
1202
1022
1002
910
933
977
928
1011
1164
1154
1246
1329
1356
1430
1419
1395
1350
1365
1253
1789
1522
1389
1277
1162
1060
1057
1072
1087
1154
1317
1324
1517
1681
1741
2103
2049
2416
2342
2329
2520
2267
2227
2156
1954
1936
1567
1515
1379
1160
1063
994
934
922
913
898
1085
1016
1166
1220
1324
1347
1357
1391
1358
1290
1295
1192
1192
1140
905
966
943
824
928
950
1041
1226
1235
1480
1624
1863
2021
2094
2267
2347
2345
2368
2340
2265
2204
2006
1909
1786
1634
1473
1340
1285
1148
1054
1086
1106
1098
1193
1340
1402
1606
1721
2094
1989
2076
2385
2273
2506
2380
2249
2351
2113
1949
1847
1597
1563
1206
1203
1139
1026
955
996
996
1053
1050
1079
1317
1232
1293
1417
1373
1401
1373
1342
1334
1229
1172
1050
1027
893
796
883
843
840
937
1100
1245
1352
1555
1836
1887
2070
2173
2313
2408
2389
2357
2349
2248
2149
2020
1841
1722
1542
1404
1283
1220
1129
1060
1049
1108
1117
1226
1324
1554
1566
1778
2079
2100
2276
2251
2409
2505
2319
2305
2167
2027
1862
1624
1576
1405
1233
1080
1038
923
916
878
909
1058
1006
1108
1191
1301
1288
1350
1371
1410
1329
1370
1271
1218
1070
1042
981
867
948
900
947
997
1133
1230
1381
1540
1707
1884
1986
2108
2260
2251
2308
2312
2251
2230
2073
1995
1848
1754
1631
1501
1346
1230
1178
1102
1085
1147
1134
1244
1429
1657
1637
1889
2045
2018
2258
2200
2370
2353
2285
2237
2131
2003
1877
1641
1552
1324
1199
1069
1054
949
950
924
998
1028
1080
1116
1176
1274
1259
1293
1339
1353
1262
1287
1265
1199
1125
1056
916
989
924
1002
975
1122
1258
1295
1514
1697
1853
1976
2050
2190
2292
2283
2294
2293
2219
2112
2062
1918
1828
1693
1457
1348
1275
1228
1142
1137
1131
1150
1222
1309
1430
1748
1659
1869
2051
2031
2254
2266
2334
2393
2182
2185
2095
1875
1864
1605
1518
1385
1220
1094
1091
959
980
953
1030
1093
1054
1161
1212
1299
1288
1317
1374
1357
1326
1320
1221
1185
1104
1066
974
924
973
875
1001
1029
1199
1311
1437
1589
1770
1904
2045
2135
2273
2273
2313
2304
2240
2205
2069
1956
1837
1743
1560
1449
1327
1235
1162
1111
1078
1132
1166
1281
1357
1549
1657
1770
1975
2078
2178
2229
2295
2311
2242
2190
2116
1991
1888
1693
1565
1406
1296
1170
1098
1000
1000
990
989
1053
1091
1133
1204
1286
1306
1324
1354
1352
1292
1313
1233
1216
1166
1037
1001
904
934
939
950
1005
1089
1192
1356
1500
1686
1857
1961
2118
2195
2281
2314
2320
2245
2229
2072
2038
1877
1785
1668
1505
1358
1286
1153
1130
1081
1089
1130
1176
1274
1414
1436
1685
1830
1957
2131
2227
2362
2469
2264
2326
2263
2094
1905
1777
1657
1488
1194
1174
1106
924
919
871
940
941
942
1040
1156
1188
1243
1327
1397
1338
1315
1292
1321
1303
1144
1124
