1848.2
1884.6
1867.4
1864.6
1844.8
1809.3
1751.6
1697.4
1625.3
1555.2
1514.6
1419.6
1376.2
1321.8
1300.5
1291.7
1274.8
1297.6
1319.8
1368.6
1396.9
1455.1
1502.8
1530.3
1589.0
1618.0
1651.9
1662.3
1692.3
1643.0
1654.0
1654.7
1586.7
1571.1
1506.2
1504.4
1456.7
1426.8
1396.5
1385.4
1383.3
1378.3
1403.1
1413.0
1440.7
1450.3
1469.8
1499.2
1505.8
1508.5
1490.5
1477.2
1460.4
1447.2
1452.1
1458.1
1427.9
1474.8
1480.9
1493.5
1513.9
1561.0
1600.1
1625.6
1677.2
1712.1
1707.8
1730.9
1750.5
1744.6
1751.4
1693.5
1680.6
1668.3
1612.3
1630.9
1565.8
1556.6
1516.5
1516.8
1508.9
1493.5
1509.8
1510.3
1535.1
1522.3
1496.6
1483.6
1482.7
1462.6
1436.1
1416.4
1413.3
1398.3
1376.7
1399.5
1408.1
1398.0
1421.2
1442.1
1481.6
1475.5
1532.2
1533.6
1629.1
1589.2
1570.0
1542.7
1501.1
1489.2
1439.8
1359.5
1353.8
1327.3
1255.6
1246.2
1249.5
1236.6
1247.1
1314.6
1343.7
1409.0
1494.9
1567.7
1650.2
1712.4
1776.4
1838.0
1874.2
1878.7
1876.6
1843.4
1806.5
1751.8
1677.8
1602.8
1534.3
1490.0
1431.7
1375.5
1360.5
1336.9
1350.7
1370.5
1388.4
1449.4
1517.9
1555.0
1613.7
1666.1
1698.2
1721.2
1736.7
1737.1
1740.6
1690.8
1645.9
1617.3
1547.5
1574.4
1529.3
1489.0
1441.6
1410.3
1397.9
1359.5
1350.7
1351.8
1336.1
1335.3
1333.9
1348.9
1329.4
1310.4
1306.7
1320.4
1286.2
1313.4
1327.9
1348.0
1370.1
1411.7
1471.3
1512.9
1612.6
1652.4
1740.9
1807.9
1834.1
1889.5
1927.2
1947.7
1953.6
1931.0
1888.4
1837.5
1779.0
1698.7
1605.2
1559.0
1462.6
1418.9
1359.5
1331.7
1315.3
1311.2
1327.3
1342.4
1413.1
1426.7
1475.1
1519.1
1593.3
1639.7
1668.5
1692.1
1703.1
1704.7
1684.8
1665.0
1644.3
1609.3
1576.7
1524.6
1474.3
1436.9
1402.8
1349.0
1331.9
1303.7
1286.7
1272.4
1276.0
1276.0
1276.1
1286.1
1282.2
1314.0
1330.5
1348.7
1382.0
1416.5
1477.0
1501.2
1572.9
1611.7
1685.5
1681.1
1753.1
1774.5
1776.9
1834.0
1792.3
1806.7
1809.3
1756.7
1725.5
1690.9
1638.1
1626.5
1536.8
1541.3
1513.8
1488.9
1507.3
1487.2
1521.2
1544.1
1587.5
1610.5
1634.6
1759.5
1776.0
1778.9
1798.0
1757.4
1750.4
1676.9
1650.3
1574.9
1533.2
1444.0
1376.8
1333.1
1273.9
1227.0
1185.7
1179.6
1145.6
1130.3
1139.2
1147.3
1199.5
1234.5
1250.7
1286.2
1315.9
1384.6
1415.5
1468.3
1532.4
1575.2
1613.0
1677.7
1790.9
1797.4
1833.9
1832.5
1833.4
1823.4
1835.2
1775.6
1762.1
1757.3
1694.5
1675.1
1625.7
1620.1
1548.4
1523.1
1509.7
1482.6
1502.7
1502.9
1541.2
1541.6
1611.7
1592.4
1661.6
1683.2
1692.2
1778.4
1757.0
1800.9
1775.3
1749.6
1769.8
1676.4
1654.0
1584.1
1552.9
1491.7
1401.1
1365.3
1269.2
1242.9
1148.1
1129.6
1086.1
1061.8
1063.1
1039.4
1075.6
1063.3
1101.7
1170.6
1187.4
1264.6
1282.7
1341.4
1390.7
1450.9
1471.8
1502.8
1555.1
1612.8
1664.1
1654.3
1724.9
1760.3
1774.8
1780.2
1785.9
1805.1
1798.5
1773.0
1743.1
1739.0
1717.5
1714.8
1668.9
1677.6
1663.7
1637.9
1641.3
1625.4
1644.5
1614.0
1644.9
1642.7
1631.5
1674.0
1672.6
1713.5
1721.3
1733.0
1765.8
1769.1
1822.0
1766.6
1790.5
1742.2
1700.2
1671.4
1602.2
1537.3
1453.5
1381.5
1295.2
1227.8
1147.3
1108.7
1094.8
1036.4
1060.6
1064.1
1089.4
1152.8
1193.6
1267.4
1319.8
1376.5
1408.0
1444.7
1462.9
1509.3
1464.0
1478.7
1476.7
1449.0
1462.7
1410.5
1423.1
1418.5
1425.6
1434.0
1502.0
1539.3
1580.9
1622.3
1690.3
1761.6
1807.5
1870.0
1911.2
1938.8
1954.8
1952.6
1926.8
1905.0
1862.5
1822.1
1755.8
1727.4
1671.9
1615.3
1614.2
1555.3
1553.6
1555.1
1546.2
1585.7
1569.4
1592.6
1603.2
1575.0
1571.5
1563.7
1523.7
1484.9
1459.8
1434.5
1394.5
1334.7
1307.3
1269.9
1256.8
1250.2
1261.9
1270.5
1297.3
1328.9
1365.0
1373.7
1396.4
1436.2
1438.7
1430.2
1451.8
1406.4
1392.7
1373.9
1316.8
1282.1
1280.5
1275.9
1236.4
1277.8
1325.5
1355.9
1430.2
1514.3
1591.2
1693.2
1737.2
1843.3
1869.8
1933.5
1936.8
1942.8
1923.1
1924.5
1894.0
1853.0
1814.6
1792.0
1726.3
1705.0
1657.4
1613.3
1632.5
1585.2
1608.3
1589.8
1577.2
1587.3
1573.9
1584.5
1555.4
1558.7
1521.4
1517.4
1501.1
1439.0
1416.9
1391.5
1386.9
1342.6
1323.4
1303.1
1294.4
1316.9
1287.8
1341.0
1319.2
1349.6
1358.8
1369.8
1376.3
1376.6
1381.7
1367.6
1380.5
1383.9
1389.7
1381.0
1356.5
1385.6
1371.9
1384.0
1403.5
1428.2
1438.9
1440.1
1516.9
1521.7
1583.8
1612.3
1655.3
1690.4
1711.0
1769.4
1785.5
1815.3
1847.6
1869.9
1876.7
1868.4
1860.4
1843.2
1823.7
1783.7
1760.6
1730.7
1668.5
1622.3
1589.8
1520.2
1477.4
1468.1
1420.9
1421.8
1410.0
1432.3
1385.0
1434.9
1473.0
1480.0
1523.4
1541.6
1567.3
1575.4
1571.5
1575.5
1563.2
1532.3
1512.6
1452.1
1437.0
1439.0
1370.3
1366.5
1375.2
1329.7
1351.6
1348.9
1400.7
1433.8
1437.9
1480.5
1508.3
1525.0
1514.9
1549.7
1526.7
1530.5
1478.4
1481.7
1462.0
1439.2
1417.9
1388.8
1403.6
1410.8
1407.8
1418.3
1496.0
1535.9
1577.4
1653.0
1693.1
1772.7
1801.7
1844.2
1856.6
1898.6
1875.0
1835.2
1838.3
1787.2
1721.6
1669.5
1618.0
1567.0
1497.8
1448.0
1405.8
1379.7
1370.9
1381.4
1394.7
1442.8
1458.8
1502.1
1530.3
1554.5
1611.6
1612.2
1686.2
1677.1
1687.5
1672.6
1684.1
1756.1
1737.0
1750.2
1727.3
1724.4
1699.1
1703.1
1655.5
1618.1
1597.6
1537.3
1529.8
1441.4
1427.2
1389.3
1355.9
1340.9
1335.7
1347.6
1350.1
1370.7
1370.7
1425.2
1439.1
1476.0
1478.2
1500.5
1515.5
1485.0
1492.5
1460.5
1461.0
1438.7
1376.7
1361.1
1333.3
1335.0
1305.4
1315.4
1332.9
1367.5
1378.9
1412.5
1481.4
1507.6
1568.4
1587.3
1655.3
1668.1
1704.3
1734.2
1712.6
1743.1
1718.6
1699.1
1691.9
1660.8
1637.2
1600.9
1586.8
1596.5
1557.0
1569.1
1576.3
1594.0
1632.1
1653.1
1669.6
1705.6
1740.0
1718.9
1744.9
1721.0
1724.8
1683.3
1630.9
1599.3
1564.1
1505.1
1466.5
1441.5
1438.0
1392.8
1400.6
1394.3
1404.4
1432.7
1439.3
1437.5
1446.2
1436.6
1458.6
1427.0
1421.6
1414.3
1380.4
1348.2
1316.3
1306.5
1268.8
1249.2
1228.6
1229.8
1223.2
1232.5
1254.0
1292.0
1345.1
1413.6
1451.3
1552.8
1626.3
1697.2
1762.0
1803.9
1889.6
1887.6
1906.1
1901.2
1879.9
1860.5
1819.3
1750.0
1722.1
1689.0
1628.1
1590.8
1568.7
1557.6
1521.2
1505.7
1517.7
1541.4
1513.2
1537.4
1540.3
1569.5
1576.9
1539.8
1569.5
1600.6
1583.1
1567.3
1591.4
1580.5
1600.1
1595.4
1579.7
1587.3
1580.1
1573.8
1540.9
1527.3
1526.4
1495.8
1456.1
1452.8
1417.5
1387.0
1368.1
1303.5
1297.7
1256.2
1247.1
1196.2
1181.9
1184.9
1192.6
1222.2
1263.8
1301.0
1345.2
1420.0
1487.6
1540.5
1621.9
1661.9
1724.4
1746.8
1807.0
1798.4
1818.7
1790.8
1782.3
1763.1
1720.1
1685.1
1630.7
1600.1
1575.8
1538.6
1526.8
1516.7
1521.1
1504.8
1522.4
1531.3
1558.4
1602.4
1620.6
1644.6
1675.1
1674.5
1678.2
1694.1
1637.4
1605.0
1603.8
1569.2
1516.8
1489.4
1458.2
1460.5
1443.2
1460.2
1443.8
1453.4
1470.8
1470.9
1489.6
1488.6
1503.3
1483.3
1461.2
1455.3
1430.2
1378.0
1323.1
1317.0
1280.6
1262.3
1265.0
1250.7
1322.1
1326.4
1413.0
1445.0
1522.9
1622.3
1654.9
1728.0
1771.8
1822.9
1820.7
1809.0
1805.4
1760.2
1689.9
1641.5
1565.0
1492.5
1417.2
1364.3
1352.0
1286.6
1302.9
1294.8
1352.4
1379.8
1433.3
1488.7
1573.4
1663.2
1712.5
1757.7
1812.3
1812.9
1837.0
1809.4
1779.5
1736.7
1681.7
1616.7
1563.6
1512.2
1463.1
1410.9
1399.7
1347.2
1357.5
1357.7
1335.0
1374.4
1403.1
1408.7
1423.9
1415.2
1453.1
1487.6
1487.6
1506.6
1498.8
1536.8
1543.8
1571.4
1590.6
1626.9
1598.2
1623.4
1656.6
1659.9
1666.2
1660.3
1672.0
1672.8
1646.5
1645.6
1619.9
1601.7
1525.5
1526.7
1457.2
1438.2
1379.2
1320.4
1312.7
1290.7
1296.0
1295.8
1325.7
1351.9
1426.6
1474.7
1520.9
1604.5
1627.8
1663.7
