2307
2291
2107
1950
1922
1781
1710
1548
1550
1637
1665
1672
1642
1692
1737
1717
1682
1681
1656
1536
1421
1289
1197
1117
995
936
908
810
699
770
683
704
716
728
781
1083
1184
1228
1558
1761
1907
1901
2005
2018
2035
1948
1593
1643
1512
1408
1344
1267
1342
1470
1630
1645
1721
1989
2121
2141
2246
2298
2288
2294
2172
2037
1942
1856
1753
1671
1591
1633
1636
1649
1648
1707
1721
1746
1712
1676
1603
1586
1491
1354
1290
1117
1010
996
900
795
776
767
735
754
737
724
785
982
1186
1222
1457
1636
1901
1965
1882
2047
1940
2020
1702
1633
1510
1410
1413
1184
1339
1402
1546
1614
1801
1933
2075
2197
2242
2292
2330
2288
2169
2073
1969
1856
1747
1634
1610
1593
1616
1599
1607
1658
1668
1691
1682
1646
1642
1567
1462
1329
1199
1093
1017
979
835
817
747
757
673
693
741
732
813
1016
1204
1298
1516
1731
1806
1936
1965
1965
1965
1936
1642
1554
1326
1424
1245
1281
1358
1464
1630
1718
1868
2026
2088
2239
2284
2328
2348
2241
2137
2055
1892
1769
1712
1662
1626
1634
1578
1594
1652
1672
1666
1655
1665
1620
1478
1503
1369
1238
1177
966
1037
919
826
761
738
671
692
692
643
781
790
1045
1199
1308
1616
1776
1924
1925
2006
2024
1991
1918
1624
1617
1467
1355
1271
1272
1363
1427
1605
1685
1891
2047
2157
2246
2304
2325
2342
2254
2174
2067
1920
1832
1728
1664
1628
1584
1565
1573
1602
1619
1638
1636
1664
1654
1599
1463
1391
1342
1239
1038
982
930
814
700
769
756
648
656
613
726
759
909
1130
1190
1438
1572
1795
1973
2014
2064
1926
1972
1812
1627
1500
1402
1368
1278
1359
1385
1551
1686
1819
2017
2089
2261
2324
2367
2328
2282
2174
2096
1944
1833
1740
1648
1663
1588
1580
1645
1630
1691
1643
1680
1717
1619
1589
1488
1417
1287
1206
1029
1040
940
796
770
720
712
646
635
672
708
738
906
1208
1250
1460
1659
1839
2002
2066
2065
1965
1981
1823
1569
1530
1384
1349
1226
1366
1335
1531
1687
1791
1996
2124
2236
2303
2354
2379
2322
2249
2068
1962
1872
1716
1700
1648
1630
1608
1556
1645
1638
1618
1658
1700
1677
1653
1573
1486
1360
1256
1156
1021
951
901
792
721
661
691
590
625
613
726
731
1027
1202
1237
1617
1706
1891
1994
1995
2042
2026
1962
1649
1637
1496
1457
1308
1333
1425
1561
1628
1735
1934
2066
2222
2340
2338
2426
2409
2340
2216
2091
2019
1783
1744
1704
1664
1614
1601
1609
1601
1702
1707
1646
1698
1672
1650
1533
1385
1335
1215
1045
992
939
840
695
736
711
665
682
680
693
806
1072
1176
1377
1635
1797
1977
1993
2096
2003
2097
1866
1674
1554
1404
1437
1234
1293
1374
1405
1651
1739
1880
2069
2149
2267
2306
2334
2379
2276
2184
2046
1943
1833
1712
1638
1642
1623
1618
1585
1595
1699
1711
1674
1666
1679
1631
1522
1452
1328
1230
1076
970
902
867
758
713
681
697
647
672
645
765
1050
1103
1197
1502
1730
1958
1910
2004
1958
1996
1897
1569
1555
1376
1408
1294
1243
1318
1464
1617
1701
1896
2026
2123
2218
2296
2332
2270
2243
2113
2021
1946
1804
1621
1581
1618
1564
1650
1608
1611
1703
1700
1671
1585
1658
1590
1509
1409
1256
1204
1041
951
899
782
735
703
700
648
630
1339
1470
1658
1734
1878
1997
2160
2245
2318
2308
2276
2170
2099
2001
1844
1777
1685
1664
1593
1586
1591
1603
1636
1648
1654
1656
1608
1552
1528
1451
1258
1246
1063
991
976
835
760
724
675
671
573
641
670
719
780
953
1159
1274
1553
1770
1867
1928
2003
1891
1947
1896
1612
1543
1439
1442
1372
1211
1362
1442
1607
1672
1836
2015
2072
2223
2241
2344
2344
2238
2178
2069
2011
1848
1761
1672
1649
1652
1602
1607
1611
1658
1633
1672
1602
1665
1580
1485
1459
1246
1243
1099
988
958
826
730
726
709
699
646
651
656
767
938
1040
1131
1324
1620
1850
1848
1978
2007
1972
1986
1699
1641
1530
1488
1379
1285
1382
1424
1558
1663
1791
1979
2090
2165
2247
2303
2372
2296
2216
2138
2041
1959
1814
1746
1691
1701
1670
1641
1659
1701
1670
1682
1679
1689
1633
1569
1447
1425
1343
1228
1066
1021
991
785
757
757
735
639
671
630
709
869
1025
1199
1539
1761
1890
1873
2020
1984
1969
1849
1669
1623
1505
1474
1309
1405
1400
1584
1654
1801
1969
2056
2134
2205
2347
2366
2292
2194
2066
2011
1862
1800
1743
1698
1678
1576
1609
1664
1674
1642
1685
1699
1672
1616
1520
1455
1408
1306
1148
1034
1017
916
801
706
743
776
662
624
607
793
956
1089
1128
1449
1703
1841
1854
1913
1980
1996
1912
1696
1653
1552
1460
1385
1338
1458
1473
1607
1678
1881
2033
2122
2217
2266
2334
2323
2303
2166
2128
1992
1859
1762
1707
1702
1592
1625
1598
1597
1628
1630
1667
1646
1584
1579
1542
1454
1304
1180
1136
1018
1029
827
750
748
672
673
535
654
672
736
924
998
1137
1459
1590
1792
1894
1946
2037
1955
1961
1734
1681
1565
1452
1406
1266
1433
1484
1579
1656
1813
2025
2075
2186
2281
2394
2394
2294
2236
2171
2096
1960
1810
1716
1694
1668
1499
1598
1650
1658
1613
1582
1646
1567
1617
1551
1478
1337
1250
1138
968
1001
897
784
698
662
708
640
658
634
714
851
1031
1123
1357
1600
1725
1873
2071
2032
1933
1904
1819
1423
1725
1392
1382
1420
1492
1480
1500
1737
1739
1908
2116
2153
2252
2230
2304
2295
2170
2130
2019
1967
1825
1702
1579
1658
1651
1577
1602
1616
1666
1609
1611
1648
1610
1532
1491
1409
1242
1160
1025
1004
955
838
