1649
1647
1704
1716
1741
1659
1721
1651
1583
1509
1453
1355
1272
1201
1120
1062
982
907
890
837
753
742
753
703
959
1217
1246
1438
1684
1889
1977
2044
2002
2034
2086
1887
1754
1579
1525
1426
1311
1211
1132
1273
1335
1406
1470
1616
1777
1901
1967
1994
2068
2031
2025
1939
1893
1815
1768
1717
1745
1674
1616
1721
1702
1751
1720
1797
1807
1845
1791
1732
1727
1674
1606
1474
1409
1333
1310
1237
1119
1027
986
953
888
871
833
793
765
1035
1214
1327
1547
1744
1930
2011
2128
2064
2147
2109
1940
1775
1634
1580
1415
1336
1198
1228
1334
1391
1446
1518
1725
1826
1995
1991
2073
2110
2098
2029
1933
1872
1918
1826
1675
1679
1750
1717
1646
1683
1726
1795
1789
1756
1730
1736
1750
1608
1561
1496
1445
1390
1285
1205
1095
1036
955
892
846
826
793
720
709
946
1226
1279
1436
1604
1880
2033
2098
2070
2084
2130
1958
1825
1596
1541
1424
1297
1166
1129
1255
1275
1383
1440
1612
1759
1956
1982
2006
2096
2114
2063
1969
1897
1835
1817
1805
1716
1647
1699
1693
1660
1714
1718
1749
1799
1774
1741
1754
1723
1634
1557
1498
1431
1334
1253
1139
1066
972
901
849
755
750
752
666
722
1101
1201
1284
1501
1771
1935
2023
2104
2044
2133
2066
1869
1644
1519
1437
1264
1161
1045
1098
1187
1277
1343
1471
1685
1795
1912
1941
2012
2017
2034
1922
1838
1801
1777
1772
1695
1604
1600
1653
1599
1609
1659
1662
1733
1711
1707
1680
1679
1594
1515
1444
1391
1321
1202
1096
1053
960
886
818
800
748
707
695
711
1048
1233
1287
1486
1695
1982
2071
2147
2048
2116
2157
1962
1761
1585
1507
1314
1266
1137
1136
1248
1330
1411
1546
1723
1836
1981
1990
2062
2140
2119
2021
1974
1969
1939
1879
1792
1758
1693
1712
1683
1628
1701
1726
1759
1728
1763
1760
1758
1713
1645
1595
1536
1435
1363
1263
1189
1076
1009
889
828
824
737
701
673
651
805
1200
1268
1373
1677
1946
2060
2129
2128
2112
2195
2013
1789
1580
1507
1368
1230
1153
1059
1201
1283
1356
1423
1604
1778
1908
2002
2034
2086
2139
2066
1966
1920
1871
1858
1849
1687
1670
1713
1681
1633
1659
1649
1737
1761
1733
1685
1709
1698
1611
1515
1455
1401
1311
1171
1117
1046
932
818
766
700
666
651
635
583
901
1156
1222
1465
1731
1930
2039
2139
2063
2132
2141
1935
1737
1566
1510
1364
1250
1069
1075
1230
1283
1359
1466
1641
1823
1915
2034
2077
2140
2124
2041
1947
1899
1863
1801
1790
1700
1662
1734
1696
1678
1719
1797
1770
1785
1825
1755
1720
1700
1630
1533
1464
1386
1276
1241
1160
1045
941
876
808
741
766
673
632
653
884
1164
1293
1430
1688
1963
2073
2148
2100
2207
2190
1960
1796
1615
1563
1425
1284
1094
1142
1282
1343
1398
1517
1756
1893
2015
2042
2107
2161
2152
2034
1963
1991
1920
1861
1774
1689
1684
1428
1268
1199
1103
968
844
854
832
767
705
721
993
1225
1317
1495
1698
1950
2020
2090
2078
2157
2150
1978
1791
1635
1572
1428
1302
1141
1160
1284
1316
1377
1478
1678
1841
1964
2004
2060
2129
2149
2093
1972
1992
1988
1887
1804
1748
1757
1734
1695
1639
1695
1738
1740
1721
1738
1778
1738
1669
1585
1552
1538
1445
1363
1285
1210
1088
1010
915
829
839
784
722
694
794
1103
1244
1323
1496
1733
1976
2026
2123
2053
2204
2103
1920
1792
1622
1570
1381
1256
1136
1201
1298
1313
1377
1472
1696
1827
1954
2000
2047
2138
2121
1995
2028
2003
1957
1868
1828
1754
1709
1728
1669
1664
1690
1714
1707
1712
1748
1716
1691
1644
1580
1545
1478
1410
1288
1199
1142
1055
925
826
875
768
715
702
683
969
1223
1262
1429
1686
1920
2037
2113
2058
2159
2105
1956
1756
1607
1537
1366
1244
1083
1163
1241
1288
1356
1490
1714
1811
1947
1985
2031
2105
2064
1992
1956
1996
1895
1829
1794
1761
1702
1692
1627
1611
1679
1695
1667
1647
1709
1706
1637
1581
1532
1519
1463
1369
1248
1198
1111
1004
925
832
785
743
725
640
622
876
1166
1177
1338
1592
1862
1985
2090
2059
2081
2165
1965
1825
1616
1525
1309
1214
1096
1139
1241
1300
1396
1513
1741
1870
1957
1990
2054
2126
2095
2022
1985
2063
1962
1934
1839
1793
1788
1739
1682
1638
1748
1716
1676
1655
1740
1745
1675
1637
1558
1569
1521
1406
1296
1214
1196
1039
961
896
839
804
714
689
674
955
1156
1262
1379
1548
1904
2085
2151
2139
2159
2243
2118
1949
1717
1594
1482
1355
1221
1121
1266
1298
1373
1464
1690
1832
1928
2013
2028
2120
2137
2060
1965
1917
1926
1984
1816
1701
1714
1738
1650
1613
1688
1724
1685
1670
1717
1702
1687
1586
1514
1482
1448
1377
1208
1146
1102
1012
891
755
729
698
593
559
536
777
1074
1138
1279
1545
1865
1952
2075
2021
2069
2149
1940
1725
1566
1493
1339
1240
1120
1056
1193
1244
1297
1388
1598
1749
1837
1929
1932
2048
2089
1979
1888
1883
1859
1871
1747
1686
1715
1686
1660
1608
1612
1681
1737
1678
1602
1704
1703
1648
1536
1452
1463
1402
1306
1169
1137
1102
992
869
789
710
671
655
560
549
794
1098
1182
1385
1601
1870
1979
2064
2010
2075
2095
1876
1730
1567
1474
1323
1205
1071
1065
1194
1227
1296
1430
1618
1748
1854
1907
1974
2027
1989
1891
1840
1806
1814
1757
1582
1621
1663
1660
1614
1608
1632
1661
1713
1666
1695
1651
1668
1579
1509
1449
1406
1353
1223
1193
1098
1040
941
816
789
743
707
642
620
753
1068
1188
1317
1596
1859
1991
2044
2108
2078
2173
2002
1811
1648
1566
1454
1319
1186
1138
1264
1347
1395
1466
1613
