1699
1493
1271
1214
1222
992
1022
1196
1146
1055
1173
1274
1137
1097
1139
1118
1157
1181
1270
1401
1378
1552
1740
1852
1797
1960
1998
1904
1854
1760
1682
1561
1372
1328
1265
1208
1222
1235
1424
1581
1744
1983
2036
2339
2286
2345
2245
2310
2084
1947
1700
1565
1357
1316
1136
1160
909
1108
1089
1093
1147
1156
1282
1082
1141
1075
1060
1120
1195
1320
1420
1454
1701
1791
1872
1900
2033
1930
1916
1794
1683
1573
1386
1291
1246
1187
1206
1224
1395
1580
1831
1885
2058
2386
2303
2345
2280
2232
1956
1805
1704
1495
1348
1163
1187
952
1050
1128
1102
1078
1119
1245
1179
1091
1076
1045
1154
1132
1206
1448
1397
1690
1779
1902
1862
2026
1976
1914
1794
1692
1530
1365
1314
1252
1173
1191
1219
1403
1579
1829
1870
1993
2330
2307
2322
2289
2203
1983
1851
1719
1492
1344
1172
1208
936
1021
1134
1127
1076
1123
1180
1132
1076
1125
1011
1173
1146
1221
1405
1465
1693
1741
1889
1891
2002
2021
1939
1838
1702
1635
1507
1328
1267
1149
1204
1168
1313
1418
1630
1840
1964
2254
2339
2386
2244
2244
2119
1912
1691
1583
1387
1265
1150
1174
933
1113
1089
1077
1120
1135
1179
1109
1053
985
1090
1175
1152
1415
1425
1612
1724
1881
1929
2020
2028
1937
1896
1785
1619
1495
1312
1266
1096
1200
1159
1265
1397
1655
1840
1954
2214
2315
2381
2291
2233
2181
1992
1717
1675
1437
1340
1167
1241
1035
1062
1142
1172
1112
1120
1169
1175
1068
1007
1036
1176
1117
1304
1411
1488
1689
1771
1996
1963
2042
1988
1998
1845
1642
1582
1380
1272
1146
1133
1187
1133
1292
1415
1643
1978
2036
2230
2324
2344
2235
2275
2121
1856
1710
1573
1452
1224
1174
1170
996
1116
1129
1143
1099
1164
1157
1076
983
978
1190
1136
1140
1417
1430
1637
1740
1998
1963
2034
1993
2026
1850
1650
1587
1411
1280
1211
1117
1198
1102
1273
1413
1768
1867
1965
2104
2338
2312
2272
2239
2086
1884
1807
1618
1470
1313
1206
1251
1016
1148
1170
1213
1117
1171
1240
1125
1068
969
976
1115
1054
1225
1366
1463
1659
1794
1973
1956
2081
2052
2034
1851
1688
1637
1496
1308
1213
1123
1144
1111
1284
1377
1668
1726
2022
2126
2317
2324
2288
2257
2218
1967
1833
1681
1417
1337
1203
1230
1107
1068
1200
1158
1109
1195
1223
1139
1051
1087
973
1148
1104
1264
1376
1442
1650
1751
1912
1933
2081
2023
1995
1900
1766
1661
1475
1318
1244
1125
1174
1130
1230
1346
1593
1854
1985
2191
2303
2302
2296
2252
2173
1963
1791
1636
1467
1312
1180
1228
995
1139
1177
1151
1139
1171
1224
1119
1092
994
1095
1096
1058
1276
1346
1513
1657
1801
1950
2023
2052
2001
2036
1886
1727
1616
1441
1320
1159
1145
1195
1138
1293
1376
1794
1798
2057
2090
2313
2276
2227
2214
2039
1853
1692
1567
1467
1295
1267
1190
1109
1202
1282
1243
1246
1285
1237
1109
1047
950
1056
1016
992
1175
1288
1412
1660
1775
1917
2018
2088
2054
2056
1909
1778
1637
1434
1343
1204
1145
1127
1138
1286
1460
1745
1711
2030
2243
2313
2265
2296
2165
2022
1843
1712
1588
1379
1237
1225
1142
1046
1187
1289
1172
1192
1302
1191
1103
1032
1014
1057
1030
986
1315
1298
1515
1632
1859
1900
1999
2033
2024
1894
1793
1719
1515
1358
1257
1185
1137
1129
1252
1329
1517
1685
1756
2058
2258
2263
2248
2237
2180
2026
1832
1648
1526
1402
1271
1282
1172
1161
1231
1266
1260
1234
1289
1221
1147
934
977
1021
987
1049
1294
1364
1485
1659
1900
1958
2022
2040
2116
1978
1828
1724
1590
1356
1231
1167
1166
1105
1208
1358
1628
1731
2002
2071
2254
2289
2304
2191
2081
1908
1772
1601
1469
1323
1282
1192
1157
1108
1309
1258
1172
1279
1248
1209
1090
996
1053
1036
1013
1126
1311
1366
1589
1687
1882
1932
2004
2044
1990
1862
1740
1668
1482
1359
1261
1217
1161
1171
1291
1417
1745
1788
1797
2024
2332
2246
2211
2213
2060
1949
1747
1632
1479
1350
1248
1301
1130
1149
1235
1352
1181
1246
1286
1198
1023
1006
1021
1081
994
1083
1333
1355
1564
1647
1896
1885
1980
2046
2074
1871
1784
1723
1554
1327
1269
1234
1173
1160
1307
1393
1744
1794
1919
2107
2288
2204
2207
2181
2091
1916
1729
1621
1465
1299
1256
1292
1201
1130
1278
1369
1184
1288
1315
1222
1092
1006
984
1060
981
1086
1296
1321
1481
1687
1871
1907
2013
2066
2069
1914
1797
1716
1537
1358
1291
1243
1192
1137
1300
1366
1609
1873
1845
2125
2279
2297
2191
2226
2072
1898
1718
1634
1484
1392
1219
1333
1155
1190
1270
1318
1217
1234
1321
1221
1106
1010
993
1059
978
956
1259
1309
1441
1640
1839
1899
2005
2040
2062
1942
1784
1712
1552
1387
1312
1253
1204
1167
1295
1374
1687
1768
1839
2019
2338
2225
2191
2214
2027
1949
1779
1648
1558
1378
1242
1348
1167
1148
1202
1386
1197
1253
1320
1225
1086
1000
968
982
904
988
1215
1246
1393
1615
1726
1890
1919
2074
2061
2006
1861
1813
1743
1516
1376
1310
1210
1166
1192
1340
1366
1734
1815
1861
2063
2285
2274
2147
2169
2086
1924
1664
1581
1511
1243
1303
1312
1195
1171
1323
1331
1180
1272
1293
1209
1027
968
966
970
976
1056
1252
1285
1432
1665
1837
1901
2005
2086
2069
1958
1855
1763
1565
1390
1328
1243
1205
1163
1277
1374
1634
1713
1791
2011
2319
2291
2145
2146
2083
1897
1717
1643
1542
1399
1309
1333
1214
1157
1321
1291
1311
1170
1310
1233
1012
948
974
964
882
926
1190
1260
1358
1601
1828
1857
1914
2052
2096
2047
1880
1837
1708
1502
1380
1320
1248
1168
1187
1323
1428
1615
1770
1666
1454
1327
1268
1209
1297
1597
1625
1652
1844
2252
