1066
1333
1426
1503
1547
1754
1970
2081
2030
2013
2125
2112
2070
1913
1805
1791
1656
1545
1493
1446
1516
1555
1519
1596
1635
1739
1857
1909
1916
1942
2022
2050
2038
1996
1916
1869
1837
1769
1728
1672
1667
1646
1632
1648
1624
1661
1656
1708
1700
1698
1650
1672
1648
1589
1482
1448
1347
1213
1132
1076
1032
996
932
868
948
983
923
988
987
1051
1077
1035
1169
1487
1593
1635
1712
1863
2082
2177
2140
2151
2136
2187
2099
2016
1921
1840
1769
1655
1564
1504
1498
1566
1517
1564
1652
1743
1834
1913
1986
1993
2031
2068
2032
2027
1944
1940
1880
1815
1749
1692
1670
1638
1592
1667
1672
1683
1744
1718
1736
1696
1684
1669
1609
1505
1444
1372
1227
1082
1014
1003
961
896
837
827
871
894
896
937
937
1023
1020
1051
1334
1580
1616
1586
1774
2007
2158
2182
2101
2149
2270
2169
2034
1956
1860
1761
1700
1514
1493
1501
1576
1526
1568
1594
1747
1848
1894
1973
1990
1986
2063
2026
2042
1979
1922
1912
1858
1758
1697
1694
1644
1649
1636
1644
1685
1714
1658
1701
1708
1670
1625
1574
1451
1416
1341
1190
1068
1046
953
910
834
762
793
815
840
857
900
971
1006
1006
1038
1404
1560
1594
1660
1820
2051
2148
2202
2125
2143
2285
2123
2026
1899
1855
1771
1676
1528
1476
1558
1567
1578
1562
1697
1829
1897
1971
2010
2037
2113
1186
1624
1678
1778
1971
2251
2187
2274
2270
2284
2274
2060
2009
1798
1848
1735
1592
1511
1432
1548
1524
1547
1624
1643
1810
1947
2005
2067
2126
2194
2197
2103
2123
2046
2015
1910
1828
1752
1724
1676
1654
1659
1629
1677
1714
1750
1701
1699
1665
1627
1565
1476
1346
1233
1193
1046
1021
891
829
862
844
774
785
756
903
941
932
953
961
1057
1174
1451
1624
1646
1842
1984
2278
2286
2248
2314
2348
2365
2074
2037
1920
1852
1795
1544
1542
1443
1501
1562
1539
1661
1708
1848
2012
2070
2126
2172
2267
2247
2170
2140
2086
2050
1912
1838
1752
1718
1696
1645
1665
1681
1678
1739
1760
1738
1722
1725
1630
1595
1523
1371
1304
1221
1160
1075
967
824
771
800
800
770
721
767
829
867
906
842
910
942
1083
1478
1550
1529
1804
2041
2198
2247
2174
2203
2302
2303
2072
1959
1833
1765
1606
1465
1330
1264
1389
1380
1368
1399
1489
1672
1796
1874
1840
1953
2040
2003
1924
1931
1828
1838
1715
1623
1528
1496
1462
1416
1404
1430
1461
1514
1476
1527
1489
1454
1421
1314
1288
1147
1067
876
916
783
718
582
636
651
617
616
671
726
730
770
773
755
865
937
1379
1418
1449
1683
1936
2087
2136
2056
2115
2254
2270
2012
1919
1776
1785
1704
1518
1411
1334
1428
1465
1400
1493
1518
1723
1867
1948
1999
2055
2154
2190
2125
2095
2034
1980
1904
1762
1734
1672
1657
1628
1609
1610
1641
1669
1686
1683
1713
1664
1657
1582
1482
1400
1325
1227
1126
1053
983
883
768
818
838
820
754
866
913
954
914
904
936
1110
1498
1551
1559
1776
2012
2200
2252
2190
2167
2320
2321
2043
1974
1802
1796
1738
1505
1418
1343
1459
1451
1461
1530
1563
1720
1881
1953
1966
2051
2133
2066
2084
1957
1904
1885
1729
1685
1580
1529
1489
1464
1413
1454
1507
1539
1556
1543
1545
1532
1450
1404
1276
1159
1096
966
848
750
708
566
576
571
581
605
496
628
663
742
668
688
722
890
1235
1292
1295
1506
1697
1935
1924
1888
1921
1963
2053
1856
1684
1624
1557
1548
1369
1256
1187
1288
1332
1299
1351
1442
1572
1694
1733
1846
1896
2015
1998
1966
1946
1898
1852
1793
1626
1619
1581
1569
1533
1523
1544
1584
1654
1671
1679
1684
1664
1644
1605
1518
1387
1357
1287
1156
1078
1042
939
893
835
836
869
885
910
907
968
1038
1026
1023
1052
1240
1569
1610
1672
1822
2062
2243
2233
2226
2238
2341
2296
2075
2026
1883
1859
1760
1599
1522
1504
1609
1572
1612
1698
1778
1966
1998
2076
2093
2193
2218
2163
2069
2049
1970
1898
1814
1772
1675
1698
1634
1647
1613
1685
1720
1736
1714
1750
1744
1696
1637
1581
1483
1409
1303
1224
1116
1039
1004
871
816
859
808
872
872
903
932
1020
1015
975
1042
1184
1517
1580
1581
1787
1963
2126
2155
2071
2141
2190
2258
2057
1955
1862
1791
1758
1645
1521
1424
1493
1562
1514
1576
1618
1756
1891
1934
1995
2025
2117
2038
2081
2011
1973
1887
1856
1762
1711
1618
1636
1630
1611
1597
1654
1670
1691
1661
1680
1669
1626
1566
1471
1436
1340
1257
1134
981
964
949
792
740
818
811
868
808
859
954
971
974
909
950
1177
1408
1544
1490
1730
1909
2066
2083
2024
2061
2145
2186
1879
1871
1805
1731
1700
1491
1434
1406
1499
1480
1452
1567
1618
1790
1852
1878
1923
1988
2054
1999
2006
1933
1872
1864
1785
1720
1643
1615
1561
1573
1569
1528
1622
1635
1627
1636
1638
1618
1570
1500
1418
1357
1280
1178
1085
963
979
852
765
800
774
833
845
749
884
908
966
947
876
1022
1190
1503
1428
1588
1724
1957
2138
2030
2105
2027
2213
2125
1899
1876
1728
1696
1591
1459
1352
1373
1514
1360
1416
1525
1617
1822
1805
1867
1891
1994
2038
1998
1964
1873
1893
1786
1718
1659
1593
1605
1525
1509
1500
1571
1608
1606
1620
1617
1628
1510
1490
1446
1351
1242
1153
1074
961
953
834
668
764
708
751
750
740
835
892
933
850
875
988
1315
1544
1444
1676
1790
2001
2150
2029
2133
2089
2251
2041
1936
1827
1736
1766
1553
1486
1361
1421
1483
1437
1519
1575
1753
1856
1907
1963
1979
2060
2063
2048
1958
1898
1867
1791
1755
1680
1621
1654
1588
1573
