2399
2152
2404
2279
1980
1918
1893
1796
1628
1512
1537
1592
1480
1416
1667
1647
1571
1565
1650
1715
1591
1438
1435
1429
1123
940
987
831
629
605
745
734
635
688
820
819
686
748
683
723
1428
1282
1275
1924
2060
2080
2202
2244
2371
2343
1954
1900
1907
1640
1325
1351
1322
1330
1280
1347
1536
1738
1758
1832
2058
2135
2252
2443
2270
2236
2382
2096
1986
1868
1722
1713
1628
1523
1601
1581
1515
1551
1647
1582
1620
1604
1682
1672
1566
1462
1414
1250
1116
965
833
842
734
629
675
809
706
704
822
828
811
745
687
986
1470
1190
1439
1920
2011
2113
2182
2261
2394
2212
1952
1916
1889
1567
1381
1350
1309
1311
1266
1356
1594
1741
1789
1929
2087
2216
2235
2357
2201
2261
2235
2033
1904
1854
1786
1679
1629
1615
1577
1545
1515
1575
1612
1591
1615
1662
1675
1599
1518
1424
1401
1238
1025
976
925
753
647
603
672
801
614
651
762
767
647
664
585
1002
1551
1082
1560
2109
2132
2220
2262
2271
2480
2243
1929
1925
1827
1478
1329
1290
1276
1340
1216
1365
1637
1775
1789
1918
2092
2203
2244
2300
2254
2265
2182
2097
1996
1816
1777
1709
1629
1614
1608
1512
1573
1566
1612
1632
1649
1683
1708
1583
1537
1473
1346
1205
1059
992
890
708
652
684
633
624
664
730
741
764
681
703
722
1347
1385
1146
1769
2107
2216
2258
2261
2366
2387
2145
1849
1807
1753
1392
1293
1222
1287
1282
1275
1527
1790
1810
1939
2119
2178
2176
2222
2275
2104
2053
2053
1984
1782
1746
1734
1666
1599
1570
1581
1645
1619
1553
1640
1636
1662
1640
1600
1542
1513
1324
1142
1119
1038
850
744
693
805
687
596
718
757
685
656
600
590
627
1169
1305
1229
1866
2080
2166
2266
2300
2405
2382
2125
1942
1853
1728
1393
1275
1202
1248
1249
1284
1475
1675
1817
1869
2017
2166
2245
2240
2364
2303
2182
2163
2037
1893
1801
1745
1735
1708
1634
1590
1671
1710
1640
1738
1749
1779
1762
1740
1670
1609
1412
1297
1225
1084
981
907
803
759
777
843
844
840
924
930
846
823
705
1118
1602
1292
1509
2038
2217
2272
2293
2317
2434
2308
1912
1766
1800
1453
1261
1174
1163
1245
1173
1266
1506
1722
1727
1782
1949
2064
2011
2141
2079
1953
1968
1925
1834
1680
1568
1523
1552
1440
1399
1431
1473
1459
1482
1483
1572
1562
1531
1487
1458
1326
1190
1071
972
868
719
605
636
609
576
534
612
675
643
700
587
605
568
1155
1346
1245
1715
2007
2144
2168
2223
2293
2313
2028
1802
1713
1628
1315
1215
1126
1258
1250
1267
1377
1676
1816
1856
1996
2141
2170
2203
2254
2090
2093
2033
1954
1791
1707
1660
1674
1611
1547
1562
1631
1604
1610
1664
1634
1680
1648
1636
1599
1543
1343
1264
1172
1033
878
826
766
684
726
709
673
762
779
752
740
767
657
761
1427
1331
1527
1891
2211
2291
2286
2298
2389
2386
2043
1804
1759
1546
1341
1211
1168
1312
1277
1336
1549
1819
1892
1913
2082
2239
2297
2376
2226
2140
2205
2063
1961
1791
1764
1700
1700
1587
1638
1641
1702
1658
1686
1760
1781
1745
1757
1750
1619
1507
1376
1287
1142
1025
881
873
799
760
768
833
786
776
872
965
816
753
676
1140
1430
1324
1614
1918
2256
2332
2299
2303
2500
2369
2046
1826
1785
1566
1341
1186
1168
1265
1266
1301
1440
1762
1879
1945
2037
2135
2254
2207
2386
2224
2079
2120
1998
1899
1793
1679
1609
1695
1591
1557
1632
1699
1648
1713
1730
1754
1746
1717
1606
1550
1406
1266
1123
1024
897
781
790
722
714
755
708
659
788
818
728
775
681
683
1341
1379
1442
1863
2054
2243
2276
2264
2348
2262
1978
1740
1705
1573
1303
1187
1078
1198
1250
1277
1393
1631
1853
1917
2057
2143
2268
2222
2174
2235
2104
2004
1957
1805
1668
1613
1600
1635
1560
1549
1622
1728
1667
1697
1753
1786
1724
1679
1623
1560
1397
1249
1164
1070
896
813
833
710
666
756
675
653
679
771
720
732
732
646
1027
1549
1302
1670
2051
2303
2315
2314
2298
2380
2174
1835
1692
1607
1331
1205
1091
1110
1262
1247
1363
1652
1883
1949
2024
2130
2243
2254
2169
2173
2171
2064
1827
1885
1820
1667
1595
1621
1672
1757
1640
1659
1822
1806
1759
1760
1782
1771
1648
1516
1484
1325
1138
1012
988
938
843
703
734
821
729
687
718
758
812
754
768
761
833
1336
1402
1338
1802
2109
2238
2273
2304
2332
2359
2130
1815
1684
1550
1307
1182
1100
1170
1258
1271
1375
1682
1916
2002
2084
2163
2304
2226
2136
2173
2149
1947
1852
1840
1810
1716
1632
1638
1723
1747
1674
1734
1850
1809
1807
1805
1747
1730
1636
1540
1462
1349
1172
1053
977
925
859
783
755
773
793
724
787
773
842
869
842
786
774
910
1482
1461
1460
1763
2154
2304
2264
2299
2283
2321
2131
1830
1660
1654
1366
1193
1107
1225
1313
1345
1386
1672
657
1161
1266
1707
1908
2062
2202
2248
2257
2330
2080
1936
1781
1679
1401
1329
1177
1234
1294
1309
1414
1603
1846
1934
2043
2135
2190
2156
2121
2031
1983
1950
1862
1796
1732
1777
1751
1745
1738
1837
1853
1903
1863
1882
1929
1865
1825
1743
1698
1621
1559
1439
1376
1346
1207
1107
1010
1018
993
906
790
821
813
761
683
683
743
664
609
963
1271
1242
1674
1862
2063
2241
2304
2254
2353
2258
2041
1857
1713
1580
1381
1269
1175
1256
1273
1383
1508
1686
1893
2003
2032
2150
2140
2086
2005
1931
1942
1821
1697
1713
1643
1617
1640
1685
1687
1802
1812
1833
1872
1861
1826
1781
1695
1619
1573
1455
1361
1296
