2031
1981
1917
1918
1789
1809
1823
1942
1869
1904
1925
2010
1911
1906
1894
1904
1913
1744
1729
1714
1662
1586
1538
1516
1574
1473
1373
1377
1307
1246
1096
996
962
873
766
751
759
666
747
727
692
741
813
984
1318
1481
1648
1840
2123
2232
2355
2265
2214
2265
2102
1962
1626
1664
1463
1476
1369
1416
1501
1659
1769
1842
1995
2040
2100
2021
1989
1915
1912
1792
1776
1843
1928
1842
1820
1889
1960
1942
1835
1840
1855
1882
1696
1630
1637
1656
1474
1450
1450
1481
1422
1290
1308
1217
1144
990
893
819
741
671
640
635
584
652
642
629
605
657
904
1278
1345
1609
1745
2089
2147
2322
2091
2132
2083
2015
1649
1564
1472
1426
1301
1321
1405
1487
1689
1675
1794
1921
2007
1986
1930
1891
1885
1840
1711
1616
1756
1823
1772
1752
1820
1892
1907
1839
1795
1845
1868
1775
1667
1643
1644
1569
1482
1458
1481
1478
1395
1318
1300
1241
1135
987
939
906
847
703
664
681
651
650
625
629
715
714
1094
1327
1554
1757
1956
2172
2294
2363
2153
2289
2187
2050
1754
1686
1547
1467
1477
1411
1489
1628
1771
1779
1949
2026
2077
2124
2044
1988
2000
1924
1823
1749
1901
1975
1939
1900
2018
2052
2025
1920
1994
1966
1888
1798
1747
1790
1738
1646
1619
1632
1635
1527
1478
1449
1353
1235
1104
1062
957
882
774
760
734
735
737
754
786
771
817
1246
1489
1641
1850
2093
2285
2363
2430
2257
2335
2245
2006
1729
1713
1602
1502
1438
1401
1487
1651
1744
1709
1862
2007
2093
2029
1942
1900
1900
1819
1663
1691
1810
1785
1694
1737
1860
1896
1776
1730
1732
1798
1662
1529
1541
1568
1542
1350
1321
1349
1374
1218
1144
1128
1131
959
768
733
651
535
554
541
562
602
559
566
583
692
661
751
1139
1266
1449
1594
1857
1881
2035
1987
1864
1873
1785
1622
1425
1437
1299
1313
1249
1278
1363
1520
1549
1594
1731
1776
1785
1749
1680
1682
1673
1560
1487
1608
1734
1638
1615
1751
1838
1712
1747
1718
1712
1749
1663
1553
1606
1637
1514
1425
1482
1505
1450
1352
1329
1308
1296
1119
1000
976
926
827
780
767
752
769
759
786
853
825
812
1056
1241
1384
1577
1741
1917
2052
2156
2063
2033
2065
1955
1838
1620
1628
1486
1492
1446
1420
1497
1582
1669
1632
1801
1857
1866
1863
1854
1855
1797
1755
1699
1761
1888
1850
1760
1839
1908
1888
1837
1819
1771
1857
1766
1692
1652
1728
1667
1569
1574
1595
1599
1542
1423
1428
1377
1331
1210
1120
1074
1006
932
837
850
850
848
826
819
917
885
863
1152
1422
1453
1590
1847
2002
2101
2247
2101
2101
2134
2035
1830
1705
1641
1510
1517
1428
1464
1518
1700
1688
1750
1867
1918
1929
1891
1881
1878
1832
1744
1787
1925
1849
1828
1871
1904
1934
1891
1820
1793
1876
1793
1689
1693
1729
1635
1577
1593
1580
1604
1498
1453
1408
1346
1233
1110
1070
1029
942
890
868
839
762
825
835
863
905
837
929
1308
1490
1541
1689
1839
2039
2148
2180
2062
2138
2048
1964
1749
1638
1600
1498
1468
1394
1489
1531
1667
1632
1762
1872
1883
1865
1852
1850
1791
1764
1748
1792
1884
1815
1778
1859
1860
1809
1811
1809
1763
1772
1729
1638
1633
1669
1574
1542
1587
1565
1544
1457
1423
1377
1297
1152
1056
1026
973
816
792
815
771
710
792
779
790
843
876
1205
1494
1557
1659
1949
2046
2100
2218
2080
2093
2053
1902
1646
1626
1613
1432
1425
1403
1444
1562
1697
1684
1713
1850
1921
1924
1826
1824
1798
1781
1667
1637
1791
1782
1777
1788
1861
1860
1857
1818
1792
1813
1780
1729
1650
1672
1658
1569
1546
1531
1552
1506
1450
1381
1357
1291
1168
1068
1008
911
860
767
742
749
779
741
737
783
744
802
1222
1408
1477
1763
2059
2094
2210
2211
2080
2143
2063
1829
1616
1695
1566
1461
1409
1435
1505
1662
1721
1732
1858
1976
1970
1933
1858
1872
1815
1695
1652
1698
1857
1806
1802
1883
1973
1917
1872
1834
1866
1884
1750
1685
1711
1737
1670
1586
1581
1589
1617
1511
1404
1378
1422
1274
1064
1033
927
816
827
798
705
819
798
704
761
786
1098
1368
1464
1564
1805
2051
2137
2196
2107
2112
2090
1928
1682
1596
1578
1428
1420
1365
1455
1570
1664
1674
1759
1928
1920
1914
1867
1801
1792
1736
1642
1533
1608
1741
1769
1709
1723
1917
1879
1805
1795
1795
1805
1739
1634
1583
1682
1616
1485
1454
1504
1525
1417
1338
1317
1268
1182
1028
960
901
828
716
672
670
660
702
641
664
687
954
1300
1371
1518
1661
2035
2130
2211
2107
2078
2079
1963
1695
1575
1588
1406
1379
1323
1449
1489
1696
1723
1768
1928
1994
1941
1898
1841
1834
1806
1664
1560
1669
1774
1810
1775
1755
1952
2020
1862
1856
1854
1863
1845
1750
1624
1716
1718
1562
1492
1563
1599
1501
1406
1392
1358
1220
1072
1022
928
912
798
752
731
748
744
735
772
710
1009
1333
1463
1596
1867
2075
2144
2253
2148
2131
2113
1987
1740
1604
1628
1494
1427
1344
1443
1532
1638
1694
1699
1845
1914
1912
1848
1815
1724
1725
1615
1449
1454
1574
1667
1688
1657
1711
1843
1867
1721
1734
1705
1717
1633
1590
1557
1546
1544
1403
1373
1424
1393
1273
1203
1212
1135
1006
907
811
729
683
620
558
589
630
620
599
588
633
876
1222
1333
1431
1703
2000
2018
2119
2024
2021
2015
1905
1648
1510
1539
1405
1386
1291
1379
1469
1637
1647
1673
1834
1871
1228
1543
1833
1950
2071
2147
2151
2202
2031
1871
1778
1742
1583
1550
1475
1444
1467
1618
1629
1600
1791
1774
1837
1823
1822
1743
1754
1689
1618
