1684
1520
1357
1237
1115
1169
1251
1330
1470
1548
1753
1995
2101
2170
2196
2217
2177
2154
2008
2042
1892
1888
1756
1679
1668
1632
1704
1696
1722
1733
1809
1759
1759
1730
1693
1630
1497
1445
1328
1195
1100
983
912
799
668
664
659
649
690
617
563
606
833
1194
1369
1454
1773
1903
2009
2366
2081
2138
2285
2055
1785
1682
1532
1320
1229
1128
1102
1196
1346
1444
1583
1850
1935
2079
2188
2193
2201
2238
2176
2087
2020
2072
1868
1696
1738
1625
1612
1604
1618
1653
1703
1683
1688
1746
1692
1618
1597
1542
1449
1316
1217
1084
923
838
766
597
658
604
593
603
667
575
642
971
1108
1439
1485
1814
2080
2100
2254
2148
2159
2134
2037
1752
1572
1566
1360
1249
1108
1125
1225
1297
1461
1544
1700
1932
2078
2120
2184
2258
2252
2198
2116
2056
1986
1897
1734
1695
1613
1599
1634
1567
1624
1701
1725
1686
1709
1750
1686
1617
1552
1488
1371
1260
1120
1012
891
873
724
682
645
658
647
627
652
620
769
1079
1201
1596
1520
1848
2054
2136
2165
2108
2279
2056
1969
1810
1623
1488
1324
1246
1086
1206
1294
1285
1448
1588
1820
1914
2105
2136
2207
2279
2246
2214
2129
2121
2025
1839
1750
1756
1623
1616
1538
1538
1658
1642
1623
1671
1710
1702
1675
1638
1566
1499
1429
1311
1173
1064
923
834
705
697
665
614
656
611
662
635
665
1017
1299
1530
1658
1974
2121
2272
2058
2243
2172
2075
1752
1667
1562
1396
1242
1106
1197
1260
1334
1452
1553
1790
1938
2107
2138
2186
2338
2297
2232
2208
2187
2040
1899
1824
1659
1661
1568
1498
1525
1577
1619
1547
1649
1668
1690
1663
1622
1604
1522
1442
1277
1169
1016
898
812
727
678
615
560
590
640
587
598
594
961
1170
1480
1545
1804
2072
2204
2265
2088
2286
2167
1956
1782
1640
1529
1382
1274
1084
1112
1261
1291
1397
1504
1696
1859
1990
2137
2147
2264
2280
2216
2150
2158
2100
1829
1785
1632
1645
1575
1432
1501
1529
1600
1515
1625
1682
1673
1697
1643
1597
1515
1458
1261
1162
1111
940
834
720
685
715
608
570
642
607
646
714
1010
1570
1598
1281
2297
1806
2157
2212
1763
2227
1974
1873
1585
1643
1505
1383
1307
1044
1328
1314
1422
1418
1555
1922
1824
2053
2049
2141
2156
2190
2074
2002
2051
1873
1790
1645
1698
1613
1540
1541
1544
1682
1596
1618
1672
1715
1689
1600
1642
1560
1505
1338
1258
1210
1068
981
859
879
741
776
796
698
839
833
770
891
1178
1322
1462
1517
1804
1924
2129
2036
2088
2170
2076
1979
1755
1668
1484
1416
1303
1161
1263
1340
1390
1419
1646
1803
1847
1979
2032
2183
2139
2178
2095
2050
2076
1955
1895
1750
1732
1650
1605
1570
1541
1624
1636
1617
1643
1732
1729
1641
1675
1616
1562
1471
1309
1284
1139
1057
946
873
844
797
770
735
792
790
756
748
999
1245
1413
1495
1699
1992
2073
2150
2044
2162
2180
1987
1837
1704
1623
1494
1328
1181
1226
1306
1306
1375
1486
1705
1826
1939
2020
2098
2085
2093
2030
1972
2104
1771
1876
1725
1732
1720
1468
1616
1606
1670
1567
1670
1717
1720
1760
1618
1675
1618
1600
1456
1308
1338
1248
1085
935
949
871
782
786
745
819
740
749
630
871
1195
1348
1405
1550
1907
1987
2174
1976
2168
2217
2020
1894
1714
1674
1447
1302
1154
1191
1228
1246
1321
1404
1662
1769
1883
1977
2044
2110
2072
2020
1929
2087
1805
1696
1786
1647
1674
1583
1469
1645
1611
1673
1647
1674
1785
1813
1705
1661
1735
1577
1561
1397
1311
1297
1104
1021
934
894
916
810
755
841
864
806
733
715
860
1140
1349
1444
1533
1893
1985
2114
2057
2068
2239
2051
1884
1729
1742
1536
1370
1228
1216
1264
1257
1338
1471
1619
1763
1867
1938
2000
2139
2054
2025
1969
1930
1962
1744
1746
1751
1670
1676
1577
1573
1726
1705
1670
1679
1791
1819
1764
1678
1712
1689
1548
1435
1306
1314
1208
1070
1020
965
941
829
813
856
813
830
728
767
814
1063
1250
1373
1414
1704
1924
1990
2113
2069
2230
2154
1996
1878
1732
1642
1458
1280
1167
1218
1266
1238
1345
1478
1698
1789
1862
1978
2042
2093
2042
2022
1946
1951
1898
1674
1718
1685
1672
1653
1500
1672
1676
1714
1671
1803
1784
1789
1673
1728
1640
1521
1451
1301
1278
1137
1032
932
938
925
751
796
747
815
765
728
726
731
1079
1190
1402
1454
1791
1896
2031
2073
1990
2217
2057
1916
1763
1685
1554
1391
1280
1140
1239
1245
1295
1397
1520
1721
1759
1860
1963
2040
2034
1965
1932
1904
1865
1819
1682
1707
1706
1638
1613
1585
1662
1715
1689
1701
1797
1800
1773
1689
1696
1683
1525
1465
1319
1246
1204
1030
990
962
916
829
795
824
824
804
719
760
833
1096
1310
1436
1448
1801
1980
2098
2092
2116
2264
2131
2032
1852
1761
1632
1414
1291
1267
1317
1347
1423
1520
1734
1846
1944
2064
2116
2187
2143
2126
2051
2001
2016
1899
1789
1821
1795
1800
1686
1712
1850
1803
1816
1832
1883
1945
1909
1806
1822
1781
1637
1518
1406
1361
1244
1081
1024
1028
936
860
801
812
851
719
693
720
819
1135
1245
1439
1555
1886
1944
2042
2043
2078
2171
1937
1830
1622
1548
1411
1167
1075
1108
1142
1109
1220
1365
1514
1621
1686
1864
1919
1916
1854
1859
1829
1739
1671
1636
1462
1526
1437
1488
1413
1395
1520
1538
1560
1607
1682
1646
1656
1548
1529
1453
1306
1181
1067
1039
913
791
722
770
654
562
641
632
682
559
593
680
963
1083
1221
1379
1633
1857
922
763
806
834
832
723
777
810
1104
1147
1468
1461
1753
1981
