1703
1678
1716
1518
1605
1454
1653
1734
1582
1700
1688
1795
1684
1637
1631
1559
1453
1298
1147
1145
1075
928
761
685
747
693
632
671
627
697
914
1283
1372
1557
1724
2025
2123
2072
2046
1983
1959
1753
1536
1329
1350
1303
1232
1194
1213
1454
1597
1714
1789
1996
2164
2259
2264
2180
2152
2121
2153
1821
1717
1729
1626
1670
1576
1570
1664
1640
1695
1667
1701
1829
1747
1731
1647
1572
1562
1424
1267
1186
1092
1002
874
738
755
695
688
657
652
673
890
1217
1422
1499
1714
2046
2079
2133
2074
1960
2000
1840
1507
1368
1307
1324
1248
1191
1236
1426
1627
1729
1823
1987
2128
2284
2270
2245
2182
2073
2060
1998
1716
1725
1667
1588
1765
1446
1718
1651
1641
1842
1599
1778
1835
1705
1740
1583
1580
1464
1316
1226
1037
1050
885
824
763
600
693
635
669
677
709
1091
1369
1513
1639
1930
2103
2143
2091
1956
1946
1890
1622
1404
1314
1288
1289
1228
1231
1322
1527
1720
1777
1940
2104
2188
2287
2206
2153
2165
2051
1887
1782
1705
1627
1625
1540
1528
1652
1671
1670
1645
1757
1772
1744
1701
1648
1632
1583
1469
1338
1222
1107
1011
889
766
752
730
659
599
608
668
737
985
1322
1411
1670
1922
2064
2104
2053
2012
1954
1897
1622
1424
1295
1278
1251
1195
1149
1300
1521
1648
1782
1943
2120
2219
2285
2283
2220
2133
2085
1947
1851
1791
1607
1644
1726
1467
1736
1588
1690
1754
1624
1809
1683
1771
1725
1549
1579
1435
1400
1213
1085
1008
901
823
742
678
650
614
604
612
684
1109
1313
1437
1630
1802
2133
2158
2024
1961
1958
1940
1622
1401
1260
1224
1234
1131
1123
1213
1411
1681
1724
1884
2096
2221
2293
2245
2180
2215
2148
1950
1776
1638
1715
1566
1548
1484
1524
1629
1617
1628
1630
1723
1756
1680
1685
1615
1578
1504
1350
1238
1124
1039
899
735
694
680
634
518
560
624
688
965
1265
1352
1475
1676
1988
2015
2008
2038
1877
1916
1817
1475
1315
1250
1215
1122
1162
1245
1344
1602
1715
1868
2036
2152
2264
2222
2142
2140
2054
2122
1800
1624
1741
1612
1665
1559
1496
1700
1684
1591
1720
1670
1794
1684
1679
1609
1528
1494
1316
1256
1133
1054
936
781
760
715
658
655
609
646
749
1071
1311
1445
1659
1845
2045
2085
2056
1964
1959
1813
1608
1428
1286
1261
1208
1114
1181
1333
1510
1641
1701
1928
2070
2193
2215
2207
2176
2107
2107
1906
1824
1759
1598
1669
1562
1597
1662
1624
1708
1702
1775
1752
1758
1752
1673
1659
1544
1423
1301
1205
1153
1020
903
852
767
766
709
706
658
723
881
1194
1390
1575
1726
2007
2065
2114
2072
1960
1983
1763
1552
1383
1280
1279
1168
1175
1243
1388
1573
1718
1814
1961
2156
2262
2270
2184
2164
2120
1985
1793
1990
1743
1611
1755
1619
1896
1657
1717
1805
1788
1894
1733
1704
1778
1638
1700
1457
1411
1358
1204
1117
932
1025
834
768
773
654
637
661
698
997
1264
1411
1594
1782
2002
2129
2048
2016
1914
1898
1742
1498
1279
1230
1234
1149
1152
1137
1375
1585
1701
1847
1942
2129
2260
2264
2241
2155
2197
2098
1905
1819
1729
1733
1612
1594
1635
1695
1757
1720
1746
1826
1849
1798
1731
1705
1622
1575
1461
1288
1186
1102
999
832
804
768
720
723
645
620
733
961
1167
1306
1501
1682
1968
2038
2021
1923
1913
1926
1776
1549
1343
1245
1255
1174
1149
1161
1333
1536
1643
1811
1985
2128
2226
2241
2210
2143
2122
2010
1812
1731
1716
1709
1595
1649
1586
1718
1763
1766
1755
1785
1801
1818
1723
1604
1580
1487
1427
1271
1147
1069
934
847
768
693
657
684
660
623
658
956
1286
1403
1490
1640
1925
2090
2001
1866
1867
1887
1726
1433
1202
1180
1207
1072
1062
1090
1294
1474
1665
1806
1951
2084
2241
2253
2157
2133
2145
2009
1822
1699
1687
1674
1614
1596
1550
1619
1780
1676
1671
1688
1826
1792
1692
1615
1548
1471
1398
1277
1125
1061
951
814
749
692
660
625
593
592
588
856
1147
1373
1422
1614
1940
2028
2067
1978
1838
1921
1734
1489
1240
1239
1233
1138
1094
1179
1332
1557
1644
1804
1976
2082
2255
2289
2228
2185
2147
2170
1892
1766
1730
1670
1748
1542
1660
1647
1730
1849
1718
1827
1819
1851
1776
1675
1689
1590
1475
1326
1191
1197
1046
915
874
716
790
709
642
673
616
853
1059
1306
1426
1588
1818
1970
2076
1918
1905
1896
1740
1543
1331
1229
1174
1139
1057
1078
1221
1478
1512
1748
1902
2050
2155
2316
2263
2172
2191
2140
2049
1905
1702
1671
1643
1402
1608
1850
2025
2114
1992
1917
1886
1748
1458
1282
1221
1154
1182
1122
1177
1318
1530
1708
1853
1948
2139
2257
2264
2233
2185
2145
2216
1949
1861
1780
1694
1773
1582
1627
1728
1786
1872
1691
1829
1814
1802
1762
1650
1644
1523
1469
1298
1086
1074
932
867
778
661
651
642
619
617
785
1118
1456
1509
1678
1982
2115
2168
1998
1916
1901
1819
1576
1281
1184
1181
1165
1102
1089
1220
1467
1664
1804
1960
2147
2259
2311
2189
2173
2236
2173
1964
1841
1778
1780
1726
1689
1634
1739
1839
1763
1776
1805
1886
1869
1700
1709
1625
1526
1398
1279
1148
1026
836
795
673
598
612
627
601
577
768
1138
1414
1470
1633
1878
2077
2145
2021
1928
1929
1855
1701
1369
1223
1171
1171
1098
1075
1144
1355
1589
1704
1866
2033
2180
2263
2158
2199
2094
2063
2023
1918
1635
1681
1765
1570
1624
1726
1800
1770
1647
1835
1731
1804
1753
1670
1645
1523
1389
1212
1061
1025
865
733
585
568
655
556
594
583
714
1074
1341
1469
1639
1868
2033
2106
1940
1844
