2268
2137
2041
1913
1735
1636
1533
1553
1487
1421
1501
1591
1489
1483
1565
1544
1513
1313
1205
1219
1048
938
790
752
737
659
590
613
720
664
716
753
1334
1432
1406
1562
1720
2151
1984
1991
1885
2074
1981
1642
1561
1536
1470
1386
1229
1383
1543
1640
1626
1725
2111
2206
2164
2272
2392
2459
2351
2248
2035
2107
1923
1622
1670
1614
1571
1498
1459
1610
1635
1586
1447
1585
1666
1506
1353
1281
1265
1119
882
831
838
744
687
611
709
756
763
727
752
1323
1392
1459
1606
1897
2152
2024
1978
1905
2122
1910
1592
1579
1550
1553
1418
1273
1341
1559
1671
1604
1659
2069
2176
2252
2284
2383
2490
2352
2193
2076
2104
1955
1715
1557
1578
1628
1553
1434
1468
1610
1631
1516
1540
1608
1599
1360
1308
1242
1194
1049
830
747
793
754
531
661
757
770
763
699
935
1441
1475
1461
1673
2126
2059
1908
1932
1896
2172
1830
1562
1540
1554
1513
1294
1261
1380
1592
1632
1598
1925
2130
2121
2264
2252
2379
2430
2257
2114
2005
2070
1846
1675
1582
1583
1590
1453
1404
1454
1603
1567
1473
1524
1516
1499
1338
1200
1257
1102
885
793
731
777
700
608
592
737
742
682
861
1350
1455
1371
1555
1777
2053
1974
1923
1847
2004
2020
1569
1520
1464
1473
1335
1207
1238
1392
1580
1618
1704
1980
2111
2214
2337
2239
2324
2352
2226
2053
2009
1891
1746
1678
1552
1529
1543
1432
1442
1570
1601
1553
1532
1577
1541
1411
1222
1214
1210
1037
840
777
770
697
628
562
685
775
764
728
1066
1424
1407
1524
1668
2017
2094
1968
1911
1929
2117
1755
1510
1485
1486
1421
1170
1280
1465
1558
1628
1624
2018
2135
2132
2307
2263
2396
2305
2237
2133
2012
1942
1729
1693
1612
1497
1573
1474
1478
1600
1631
1601
1532
1588
1517
1465
1410
1220
1141
1123
973
833
796
736
676
630
652
733
748
815
735
1336
1409
1412
1655
1886
2115
1962
1966
1864
2082
1888
1522
1540
1529
1477
1365
1239
1263
1495
1628
1609
1653
1968
2170
2171
2183
2288
2399
2320
2261
2108
2025
1978
1737
1618
1616
1561
1544
1500
1436
1613
1655
1604
1484
1608
1589
1561
1354
1247
1271
1138
938
809
760
823
614
655
658
747
765
696
727
932
1462
1374
1475
1660
2010
2081
1941
1926
1853
2100
1777
1544
1483
1495
1457
1339
1241
1345
1576
1667
1617
1874
2102
2148
2304
2234
2372
2421
2299
2190
2052
2096
1873
1749
1567
1544
1595
1517
1442
1509
1581
1589
1555
1554
1599
1536
1459
1311
1225
1195
1011
793
826
757
773
625
614
737
752
721
706
1041
1433
1447
1446
1691
2025
2107
2015
1923
1898
2125
1862
1494
1544
1517
1410
1289
1208
1349
1497
1638
1624
1867
2179
2213
2264
2330
2447
2411
2322
2138
2081
2084
1905
1681
1604
1571
1526
1508
1427
1584
1657
1568
1529
1595
1601
1503
1382
1303
1232
1175
954
837
831
754
736
644
610
723
760
767
745
1094
1479
1428
1485
1696
2027
2109
1960
1895
1985
2156
1846
1562
1557
1545
1490
1306
1260
1422
1682
1657
1632
2018
2267
2202
2291
2331
2468
2465
2251
2140
2093
2045
1772
1671
1679
1528
1580
1384
1439
1600
1581
1526
1439
1580
1592
1395
1319
1196
1241
1119
866
789
758
806
607
605
716
708
751
669
835
1423
1341
1391
1560
1788
2089
1970
1949
1867
2079
1929
1621
1542
1543
1526
1431
1219
1339
1544
1623
1651
1726
2119
2136
2234
2276
2347
2447
2315
2222
2154
2060
1965
1706
1618
1633
1537
1510
1415
1406
1562
1524
1475
1434
1518
1500
1360
1265
1149
1152
977
840
779
707
702
617
650
657
747
701
684
870
1330
1282
1420
1624
1974
2077
1984
1955
1900
2169
1821
1612
1574
1516
1510
1301
1251
1409
1608
1601
1633
1855
2075
2144
2221
2276
2417
2371
2364
2156
2136
2088
1863
1722
1620
1572
1524
1492
1393
1437
1558
1478
1468
1501
1533
1544
1397
1231
1214
1155
987
816
813
735
736
632
608
743
713
677
705
1084
1388
1386
1518
1711
2078
2004
2015
1921
2035
2055
1659
1626
1509
1448
1456
1224
1324
1499
1676
1632
1756
2111
2179
2255
2284
2350
2464
2328
2211
2046
2038
1947
1661
1632
1592
1552
1514
1409
1483
1610
1578
1528
1489
1610
1503
1402
1312
1207
1163
1009
823
747
771
705
620
617
667
739
712
727
1270
1396
1416
1548
1712
2019
1973
1990
1880
1998
2141
1735
1604
1522
1526
1441
1297
1298
1510
1664
1578
1790
2067
2247
2251
2298
2329
2436
2345
2143
2065
1978
1887
1710
1577
1606
1536
1478
1417
1530
1578
1587
1552
1487
1586
1525
1346
1218
1198
1116
971
799
690
730
676
601
627
742
684
708
779
1320
1421
1368
1566
1790
2085
1959
1900
1887
2125
1940
1672
1586
1536
1532
1380
1299
1339
1507
1637
1600
1739
2011
2197
2233
2272
2243
2371
2363
2176
2062
2049
1920
1757
1586
1586
1563
1527
1467
1465
1547
1621
1608
1542
1478
1588
1511
1391
1254
1225
1087
990
850
745
769
712
655
646
718
746
699
789
1077
1384
1429
1483
1637
1860
2082
1949
1927
1911
2060
1841
1639
1537
1516
1539
1379
1296
1392
1590
1659
1629
1829
2080
2230
2234
2217
2373
2385
2336
2182
1989
1984
1906
1672
1603
1583
1576
1501
1444
1500
1561
1602
1570
1528
1542
1596
1439
1343
1242
1152
1041
896
833
745
805
669
652
713
724
771
770
855
1285
1403
1472
1681
1846
2069
1958
2003
1932
2136
1858
1607
1543
1593
1512
1441
1299
1342
1573
1671
1678
1800
2087
2114
2350
2237
2297
2364
2242
2178
2016
1997
1841
1732
1602
1526
1516
1437
1433
1484
1518
1603
1561
