1459
1398
1389
1361
1611
1746
1928
2010
2080
2308
2430
2413
2367
2445
2413
2324
2145
1965
1938
1762
1690
1479
1620
1530
1440
1430
1417
1504
1345
1268
1229
1293
1266
1075
965
924
928
773
556
693
723
672
610
660
750
768
802
801
1111
1494
1544
1599
1845
2102
2086
1974
1911
1871
1964
1763
1469
1403
1501
1404
1308
1332
1552
1728
1879
1947
2147
2310
2394
2402
2352
2436
2445
2310
2078
1968
1978
1856
1679
1524
1592
1563
1508
1398
1391
1483
1412
1294
1248
1328
1215
1062
1001
975
903
778
661
688
705
704
604
627
764
757
779
1011
1391
1621
1699
1679
1898
2111
2153
1960
1893
1980
1806
1598
1285
1445
1383
1417
1365
1501
1755
1904
1953
2070
2318
2390
2449
2367
2391
2424
2396
2229
2012
2012
1876
1809
1661
1605
1625
1621
1573
1439
1513
1513
1409
1302
1260
1326
1180
998
950
995
874
699
667
712
726
692
648
718
821
801
833
1135
1432
1621
1696
1791
2021
2174
2132
1909
1944
1962
1774
1565
1402
1496
1441
1454
1390
1647
1846
1896
2023
2104
2347
2433
2447
2381
2447
2461
2388
2163
2008
1958
1852
1722
1564
1604
1620
1595
1419
1456
1558
1448
1324
1224
1307
1274
1083
979
945
849
766
666
648
688
744
640
585
739
781
805
846
1244
1525
1638
1667
1929
2097
2117
2084
1843
1873
1816
1670
1400
1352
1458
1376
1347
1357
1650
1840
1927
1999
2110
2296
2415
2297
2345
2425
2386
2288
2108
1963
1932
1807
1652
1509
1625
1571
1507
1413
1399
1521
1341
1294
1268
1307
1177
1048
934
899
902
760
612
633
663
667
582
684
756
819
749
958
1241
1561
1659
1666
1951
2065
2062
1930
1843
1898
1792
1628
1386
1308
1410
1349
1348
1261
1558
1803
1880
1974
2168
2332
2384
2347
2306
2395
2341
2210
1977
1860
1885
1732
1647
1496
1596
1544
1501
1376
1349
1500
1396
1314
1279
1326
1198
1033
1000
927
929
768
628
641
660
708
603
671
756
814
796
1027
1389
1532
1636
1639
1884
1974
1985
1883
1845
1890
1797
1650
1416
1274
1419
1389
1373
1388
1591
1798
1909
1981
2155
2316
2430
2359
2340
2400
2294
2208
2024
1963
1870
1800
1709
1563
1528
1574
1546
1440
1434
1508
1450
1335
1274
1332
1210
1021
995
963
949
821
645
706
747
727
619
697
793
868
813
954
1339
1515
1627
1683
1944
2062
2057
1894
1854
1974
1739
1624
1430
1401
1471
1411
1405
1465
1721
1853
1938
2042
2223
2360
2410
2374
2405
2425
2353
2198
2013
1980
1867
1767
1593
1570
1638
1571
1538
1448
1533
1467
1337
1281
1294
1337
1117
1002
987
979
889
712
703
789
807
745
725
803
878
926
878
1256
1608
1692
1697
1920
2121
2103
2047
1870
1961
1855
1669
1435
1437
1527
1452
1442
1476
1692
1902
1937
2056
2221
2407
2456
2400
2397
2451
2388
2210
1999
2005
1898
1789
1578
1585
1627
1613
1540
1440
1528
1521
1390
1294
1326
1388
1215
1076
992
993
924
713
688
780
784
699
704
794
809
834
899
1205
1523
1685
1722
1857
2098
2119
2030
1878
1899
1945
1728
1463
1413
1497
1477
1459
1432
1598
1785
1951
2055
2159
2331
2426
2451
2366
2389
2425
2361
2085
2010
1965
1911
1751
1547
1632
1639
1557
1472
1452
1539
1496
1335
1293
1356
1348
1081
1032
1016
961
855
660
687
772
757
702
672
837
891
881
1025
1475
1645
1683
1724
1950
2145
2032
1961
1860
1941
1885
1675
1463
1419
1496
1461
1375
1498
1687
1879
1975
2029
2238
2414
2417
2402
2357
2435
2414
2229
2035
1961
1891
1702
1593
1567
1586
1584
1475
1444
1528
1477
1365
1284
1338
1304
1168
1057
963
935
874
675
640
741
746
697
638
780
864
892
880
1329
1649
1741
1722
1970
2120
2146
2073
1872
1948
1838
1617
1457
1345
1505
1361
1403
1463
1720
1862
1947
2026
2138
2383
2470
2405
2425
2482
2460
2268
2078
1940
1886
1790
1557
1554
1586
1554
1454
1405
1455
1510
1376
1277
1289
1320
1184
1042
947
948
878
701
544
665
722
654
604
680
811
889
822
975
1401
1611
1705
1785
2028
2179
2122
1946
1845
1948
1797
1578
1356
1368
1449
1337
1382
1424
1689
1805
1923
2056
2157
2397
2462
2407
2442
2471
2356
2071
2030
1892
1873
1686
1522
1539
1575
1499
1370
1390
1440
1424
1257
1284
1300
1209
1047
970
936
876
679
583
688
708
691
609
680
720
838
859
1005
1340
1611
1641
1656
1913
2122
2042
1942
1796
1897
1845
1642
1379
1350
1469
1463
1345
1475
1710
1840
1862
1998
2146
2456
2415
2377
2338
2476
2341
2174
2036
1920
1878
1732
1561
1553
1569
1528
1395
1424
1472
1449
1346
1222
1397
1409
1653
1850
1934
2027
2232
2414
2307
2343
2408
2461
2323
2106
2008
1936
1830
1607
1556
1615
1644
1510
1479
1503
1539
1424
1361
1315
1355
1296
1050
988
992
927
800
636
641
736
725
660
704
877
898
948
953
1357
1637
1661
1750
1880
2040
2085
1988
1808
1851
1796
1577
1377
1352
1484
1426
1423
1500
1694
1907
1996
2044
2148
2407
2440
2461
2439
2453
2414
2217
2065
1987
1951
1708
1615
1633
1623
1656
1586
1483
1539
1513
1396
1308
1364
1378
1241
1079
1042
982
899
714
651
679
749
721
666
776
865
934
939
1027
1477
1631
1721
1725
2032
2107
2031
1880
1840
1881
1706
1515
1375
1444
1450
1431
1467
1608
1822
1949
2016
2137
2314
2376
2381
2388
2435
2395
2243
2000
1988
1940
1827
1546
1598
1628
1581
1510
1449
1482
1530
1419
1275
1321
1283
1200
911
846
953
968
648
698
706
708
733
559
775
898
890
878
1222
1556
