1454
1518
1621
1680
1674
1658
1701
1668
1570
1446
1277
1262
1035
875
780
653
631
832
1025
1135
1329
1673
1977
2043
2164
2135
2134
2026
1814
1566
1342
1257
1071
965
945
1027
1233
1341
1494
1720
1962
2089
2213
2222
2257
2203
2139
2011
1818
1713
1600
1516
1432
1340
1349
1417
1432
1473
1547
1592
1667
1650
1697
1664
1586
1503
1370
1278
1142
934
772
695
579
580
833
985
1153
1386
1728
2014
2092
2155
2114
2134
2005
1748
1492
1312
1188
1001
949
914
1024
1232
1399
1486
1749
1981
2180
2199
2181
2197
2303
2086
1839
1754
1710
1624
1394
1344
1359
1450
1414
1415
1513
1616
1670
1648
1639
1687
1612
1482
1349
1262
1120
928
750
699
569
613
844
1003
1211
1478
1844
2033
2112
2144
2119
2129
1920
1666
1390
1260
1136
999
925
991
1179
1341
1488
1651
1932
2075
2128
2348
2240
2163
2128
2023
1801
1644
1611
1467
1424
1341
1343
1420
1436
1519
1544
1598
1693
1721
1697
1634
1592
1479
1368
1220
1072
901
780
654
574
622
935
1090
1249
1577
1926
2069
2173
2137
2163
2134
1928
1643
1367
1282
1120
1005
954
994
1220
1382
1472
1681
1970
2161
2219
2222
2187
2270
2194
1968
1808
1758
1681
1479
1323
1402
1472
1412
1398
1485
1661
1695
1674
1682
1734
1664
1541
1401
1355
1238
1033
782
756
653
568
668
923
1139
1313
1664
1956
2099
2223
2198
2149
2111
1916
1644
1372
1228
1106
1018
956
1021
1192
1390
1555
1751
1964
2116
2199
2347
2282
2185
2128
2023
1823
1666
1588
1484
1452
1336
1375
1468
1488
1553
1566
1626
1743
1747
1697
1633
1566
1548
1345
1162
1004
868
767
580
554
640
976
1145
1298
1618
2015
2140
2198
2169
2164
2094
1869
1557
1322
1259
1116
966
924
1061
1269
1435
1546
1781
1991
2192
2224
2240
2255
2250
2095
1914
1797
1738
1599
1441
1388
1382
1482
1478
1439
1524
1636
1701
1697
1697
1720
1683
1590
1400
1290
1252
1055
784
717
713
576
734
1008
1196
1375
1750
2018
2070
2201
2198
2107
2052
1840
1522
1297
1224
1079
991
939
1059
1229
1420
1518
1741
1982
2138
2200
2200
2259
2200
2109
1965
1812
1716
1612
1479
1366
1358
1414
1457
1458
1536
1594
1634
1685
1694
1698
1652
1547
1439
1297
1180
988
802
740
618
572
784
1010
1208
1404
1787
2062
2118
2199
2083
2132
1923
1638
1366
1224
1194
1024
939
921
1106
1304
1449
1581
1762
2025
2155
2232
2198
2223
2187
2099
1913
1771
1649
1563
1425
1332
1349
1420
1412
1421
1513
1599
1669
1655
1650
1660
1660
1501
1388
1285
1143
973
839
693
604
591
782
991
1189
1389
1745
2002
2061
2147
2090
2149
1992
1723
1417
1279
1238
1005
947
943
1126
1297
1443
1549
1798
2044
2136
2184
2202
2248
2155
2082
1862
1748
1691
1549
1394
1309
1387
1437
1387
1427
1541
1624
1619
1593
1670
1648
1579
1437
1290
1232
1041
841
735
681
609
725
940
1138
1359
1681
1962
2026
2124
2141
2128
2096
1810
1559
1356
1278
1130
988
937
1014
1162
1338
1488
1607
1875
2056
2125
2146
2398
2215
2068
1545
1576
1646
1549
1426
1293
1228
1038
861
819
653
712
962
1089
1279
1505
1901
1975
2083
2118
2082
2120
1886
1687
1427
1357
1199
1082
975
1021
1171
1318
1409
1546
1842
1991
2134
2145
2232
2273
2219
2072
1907
1875
1722
1603
1430
1396
1441
1377
1372
1415
1454
1520
1525
1563
1596
1608
1485
1443
1354
1228
1060
866
799
701
718
951
1092
1283
1526
1913
1955
2058
2116
2081
2139
1907
1718
1453
1367
1241
1089
1005
1064
1224
1314
1437
1564
1804
1964
2054
2306
2251
2214
2172
2174
1907
1792
1746
1598
1516
1359
1401
1423
1379
1432
1447
1513
1581
1597
1600
1561
1508
1511
1305
1187
1036
952
830
640
732
965
1098
1279
1502
1888
2019
2107
2092
2059
2107
1928
1678
1445
1378
1290
1136
973
996
1179
1329
1400
1507
1737
1945
2093
2198
2168
2303
2259
2122
2002
1877
1811
1683
1498
1433
1404
1410
1380
1352
1414
1487
1547
1539
1561
1625
1574
1478
1406
1269
1123
941
856
649
658
929
981
1137
1314
1694
1932
2034
2123
2081
2140
2001
1764
1504
1416
1324
1135
986
984
1152
1224
1343
1468
1664
1872
2044
2116
2177
2259
2301
2157
2028
1892
1832
1699
1531
1430
1446
1392
1355
1350
1426
1465
1515
1489
1562
1588
1565
1485
1355
1278
1110
930
849
709
674
844
977
1129
1290
1662
1904
1984
2089
2056
2113
2038
1799
1558
1408
1334
1175
1025
984
1081
1210
1314
1401
1610
1792
1920
2015
2221
2235
2203
2159
2074
1957
1807
1685
1597
1512
1345
1353
1371
1385
1347
1388
1482
1501
1553
1569
1502
1506
1475
1273
1097
966
832
634
643
852
1001
1186
1295
1678
1884
1982
2075
2030
2104
2046
1817
1586
1403
1364
1215
1051
986
1108
1224
1298
1388
1596
1807
1974
2086
2102
2260
2275
2178
2077
1973
1939
1746
1635
1471
1442
1421
1353
1329
1334
1410
1455
1466
1510
1551
1580
1530
1456
1372
1247
1097
933
796
693
680
889
954
1153
1309
1682
1912
1970
2067
2068
2156
1968
1764
1517
1457
1317
1096
1025
1048
1178
1239
1331
1502
1727
1860
1962
2107
2161
2306
2214
2094
2051
1924
1827
1627
1558
1485
1442
1374
1348
1392
1421
1423
1453
1525
1512
1571
1530
1483
1370
1324
1134
917
890
752
623
816
1004
1067
1210
1616
1909
1893
2103
2032
2134
2060
1799
1588
1438
1402
1188
998
984
1160
1253
1332
1436
1655
1838
1998
2058
2167
2381
2221
2163
2039
1999
1916
1734
1595
1408
1488
1421
1334
1342
1373
1481
1493
1447
1591
1635
1592
1517
1392
1395
1174
1021
