1490
1465
1441
1420
1510
1669
1701
1820
1967
2063
2130
2178
2130
2126
2073
2072
1940
1817
1689
1619
1498
1485
1433
1450
1439
1462
1514
1506
1538
1505
1480
1412
1314
1280
1149
1035
893
836
764
656
587
613
631
609
633
720
823
905
1126
1300
1487
1698
1891
2016
2060
2225
2225
2177
2132
2035
1962
1854
1741
1608
1515
1469
1432
1444
1510
1609
1685
1818
1877
2025
2093
2184
2089
2159
2105
2082
1980
1927
1792
1702
1614
1539
1539
1436
1467
1490
1490
1507
1537
1542
1497
1483
1405
1350
1249
1140
1044
967
882
748
697
617
600
600
636
649
744
842
982
1217
1375
1592
1746
2014
2073
2142
2235
2278
2186
2080
2014
1878
1778
1641
1538
1471
1447
1449
1455
1528
1671
1773
1899
2022
2098
2156
2171
2179
2126
2097
2004
1933
1836
1732
1641
1580
1540
1479
1458
1485
1508
1515
1513
1528
1548
1490
1374
1334
1275
1169
1089
947
818
770
705
617
592
618
645
625
750
840
954
1205
1355
1542
1701
1827
2026
2035
2196
2205
2205
2087
2031
1977
1809
1731
1595
1517
1469
1443
1453
1484
1574
1675
1791
1897
1996
2077
2153
2130
2130
2090
2110
2018
1903
1769
1710
1649
1552
1518
1435
1473
1478
1498
1472
1477
1509
1474
1426
1322
1298
1240
1145
1032
946
896
712
652
635
582
628
656
674
791
887
1079
1265
1423
1624
1766
1971
2038
2204
2245
2285
2172
2045
1987
1848
1758
1597
1539
1430
1453
1444
1488
1544
1685
1840
1946
2050
2104
2178
2142
2202
2136
2124
2048
1931
1800
1731
1692
1560
1533
1445
1492
1483
1448
1517
1515
1567
1541
1475
1384
1369
1254
1262
1121
997
896
779
734
623
632
608
647
734
680
874
1053
1240
1340
1444
1735
1871
2081
2105
2227
2217
2232
2163
2048
1997
1822
1728
1585
1527
1447
1467
1494
1467
1624
1715
1864
1936
2073
2132
2160
2192
2188
2136
2096
1996
1903
1770
1692
1578
1526
1451
1439
1479
1448
1499
1430
1468
1491
1479
1402
1332
1325
1232
1139
939
854
802
684
578
640
607
634
716
698
847
954
1161
1218
1409
1675
1836
2058
2071
2216
2176
2209
2132
2029
1956
1794
1702
1547
1508
1450
1429
1480
1504
1578
1739
1858
1971
2053
2121
2190
2174
2180
2090
2073
1995
1896
1768
1699
1611
1542
1446
1430
1462
1465
1461
1416
1491
1450
1454
1375
1349
1248
1213
1065
940
869
785
676
526
623
591
597
630
712
787
967
1141
1250
1486
1631
1899
2020
2066
2219
2223
2230
2105
2035
1926
1790
1640
1548
1504
1424
1394
1454
1516
1628
1739
1854
1937
2055
2131
2171
2196
2163
2195
2075
2049
1932
1814
1689
1570
1531
1446
1435
1448
1444
1455
1464
1503
1492
1507
1398
1372
1353
1282
1110
984
925
816
732
585
613
594
633
616
753
790
934
1128
1268
1472
1689
1947
2024
2184
2225
2256
2212
2097
2031
1894
1761
1603
1552
1498
1421
1400
1456
1502
1604
1760
1843
2002
2099
2184
2228
2228
2207
2220
2082
2048
1915
1805
1690
1529
1526
1441
1436
1422
1444
1485
1484
1500
1526
1484
1418
1372
1354
1267
1112
977
851
764
660
578
569
603
650
702
770
807
940
1226
1363
1580
1813
2023
2122
2163
2269
2244
2225
2052
1984
1809
1732
1611
1463
1448
1390
1435
1451
1529
1653
1789
1936
2001
2105
2189
2254
2211
2205
2197
2093
2025
1868
1715
1627
1587
1506
1464
1413
1432
1469
1455
1456
1484
1526
1482
1405
1389
1322
1191
1069
973
876
824
699
593
593
574
587
631
709
763
1001
1176
1350
1508
1757
1961
2075
2131
2209
2211
2180
2059
1952
1795
1675
1594
1489
1432
1389
1420
1427
1558
1670
1830
1936
2042
2123
2220
2212
2216
2126
2173
2117
1967
1791
1660
1599
1564
1489
1410
1456
1432
1449
1413
1467
1501
1509
1418
1423
1325
1301
1126
1022
961
832
778
637
631
566
615
626
623
760
826
1079
1227
1376
1606
1837
2030
2006
2182
2219
2275
2150
2044
1978
1847
1764
1632
1509
1435
1414
1418
1462
1519
1606
1548
1517
1551
1568
1617
1595
1596
1581
1524
1428
1321
1274
1123
1014
906
830
737
695
634
645
703
773
780
888
1057
1194
1299
1406
1661
1812
1925
1959
2058
2044
2079
1983
1839
1784
1710
1626
1526
1509
1439
1533
1546
1652
1741
1828
1893
1963
2001
2100
2100
2084
2070
2023
1940
1871
1829
1757
1651
1606
1568
1601
1494
1590
1553
1628
1622
1612
1586
1481
1425
1352
1250
1176
1032
910
836
767
722
663
671
697
752
829
825
976
1093
1259
1363
1470
1674
1822
1881
1928
2049
2030
2043
1927
1881
1808
1721
1680
1572
1549
1475
1544
1577
1588
1679
1797
1912
1910
2014
2020
2081
2024
2045
1993
1920
1943
1816
1771
1639
1665
1567
1596
1564
1520
1620
1579
1614
1559
1577
1531
1466
1379
1257
1216
1089
961
847
798
789
724
640
687
733
766
796
820
1005
1062
1273
1342
1530
1718
1877
1918
1968
2075
2018
2043
1900
1918
1832
1769
1629
1559
1559
1560
1554
1536
1645
1752
1828
1861
1939
2020
2062
2038
1975
1992
1934
1926
1827
1797
1678
1684
1617
1596
1579
1550
1626
1565
1612
1548
1578
1542
1404
1359
1276
1200
1113
961
883
786
775
713
663
717
708
768
796
861
932
1036
1268
1268
1524
1696
1856
1908
1971
2075
2070
2061
1969
1980
1852
1788
1696
1628
1582
1561
1563
1586
1618
1754
1791
1832
1944
2043
2103
2056
2171
1964
2048
2037
2025
1840
1730
1738
1656
1622
1490
1537
1549
1543
1593
1580
1583
1553
1466
1364
1272
1196
1122
936
896
852
739
708
694
713
754
761
847
823
979
1146
1295
1387
1614
1792
1954
1996
