1924
1679
1537
1572
1466
1321
1322
1463
1557
1628
1709
1847
2008
2157
2177
2143
2150
2273
2248
2039
1956
1941
1867
1744
1584
1589
1623
1566
1491
1507
1614
1666
1588
1518
1558
1479
1417
1280
1171
1116
1026
875
720
658
685
650
594
624
700
757
804
809
900
1090
1287
1513
1536
1721
1978
2084
2113
2122
2099
2061
2036
1896
1689
1576
1558
1466
1384
1365
1455
1583
1657
1740
1793
2048
2140
2171
2159
2176
2216
2122
2036
1948
1911
1830
1630
1633
1597
1633
1524
1532
1501
1622
1165
993
866
757
723
680
606
648
707
758
718
697
844
894
1158
1350
1527
1643
1876
2029
2123
2132
2195
2054
2062
1918
1816
1659
1577
1461
1341
1370
1451
1512
1580
1709
1792
1955
2083
2132
2147
2174
2212
2158
2048
1972
1905
1818
1709
1651
1620
1626
1602
1546
1573
1626
1637
1607
1580
1599
1533
1411
1387
1274
1174
1061
946
799
772
742
654
669
698
696
768
790
802
870
956
1179
1376
1500
1600
1779
1996
2112
2138
2110
2141
2117
2061
1874
1731
1635
1558
1463
1414
1371
1512
1604
1676
1796
1915
2057
2190
2191
2085
2175
2207
2142
1985
1930
1871
1805
1758
1618
1623
1609
1591
1565
1548
1638
1633
1620
1586
1541
1499
1405
1312
1238
1116
996
887
760
723
675
656
612
643
765
740
786
868
948
1011
1183
1429
1545
1673
1925
2106
2199
2213
2169
2181
2058
2002
1803
1662
1648
1512
1439
1436
1458
1545
1640
1741
1849
1968
2061
2178
2147
2147
2212
2166
2084
1952
1916
1858
1748
1667
1575
1552
1590
1543
1521
1589
1645
1634
1585
1576
1509
1441
1321
1248
1148
1008
901
794
654
664
601
646
677
718
744
830
853
796
953
1245
1489
1486
1732
1887
2091
2178
2189
2097
2135
2132
1951
1776
1638
1601
1515
1376
1340
1444
1509
1674
1751
1844
1983
2164
2192
2147
2179
2216
2181
2054
1922
1873
1796
1693
1560
1530
1577
1513
1498
1550
1613
1572
1492
1548
1520
1469
1358
1245
1142
1045
917
793
666
640
686
595
597
756
764
693
797
898
876
1185
1455
1570
1643
1845
2080
2147
2193
2211
2161
2109
2012
1873
1690
1620
1564
1379
1402
1460
1573
1609
1757
1841
1970
2161
2184
2168
2141
2188
2156
2086
1950
1884
1800
1698
1634
1573
1581
1619
1523
1496
1620
1637
1638
1577
1612
1552
1477
1358
1238
1094
1032
911
785
666
657
660
613
635
685
768
774
882
889
922
1199
1425
1520
1590
1808
2060
2102
2134
2153
2081
2088
2018
1841
1649
1626
1551
1415
1348
1484
1516
1654
1740
1844
1977
2127
2194
2147
2131
2180
2156
1983
1944
1873
1828
1765
1691
1584
1635
1633
1578
1548
1627
1656
1659
1635
1588
1569
1475
1360
1261
1218
1065
938
837
726
690
677
633
595
643
745
761
807
843
909
1112
1308
1473
1576
1777
1997
2081
2172
2151
2177
2122
2032
1880
1731
1664
1581
1496
1394
1452
1512
1633
1742
1801
1936
2063
2157
2173
2181
2178
2185
2076
2024
1925
1844
1830
1718
1637
1620
1647
1643
1610
1628
1614
1674
1678
1565
1578
1478
1429
1320
1209
1028
944
848
740
716
656
643
634
678
744
781
821
848
923
991
1189
1451
1544
1673
1943
2058
2121
2171
2168
2094
2067
2000
1716
1659
1597
1532
1411
1417
1468
1580
1674
1783
1861
1988
2038
2169
2173
2142
2158
2108
2039
1880
1863
1803
1759
1653
1615
1621
1611
1644
1618
1629
1676
1684
1654
1608
1504
1465
1358
1248
1084
947
885
799
677
644
617
649
584
732
753
827
830
881
966
1205
1463
1521
1686
1830
2069
2100
2169
2130
2163
2076
1966
1840
1702
1666
1577
1445
1381
1474
1557
1621
1677
1811
1926
2082
2100
2147
2104
2137
2126
2063
1977
1891
1824
1775
1698
1637
1596
1582
1637
1586
1640
1666
1698
1671
1630
1621
1548
1420
1300
1211
1083
918
825
743
634
621
614
606
681
721
757
825
886
905
1021
1271
1414
1514
1665
1893
2000
2068
2143
2087
2101
2013
1993
1812
1699
1619
1536
1451
1416
1467
1466
1616
1671
1830
1920
2031
2085
2116
2066
2086
2072
2026
1953
1838
1795
1758
1696
1652
1614
1599
1651
1637
1676
1627
1670
1660
1649
1583
1459
1394
1333
1261
1128
983
866
726
729
682
692
620
664
766
795
786
824
966
962
1111
1279
1478
1556
1801
1955
2011
2093
2113
2108
2038
1999
1856
1742
1658
1585
1466
1430
1476
1546
1605
1714
1810
1863
1969
2033
2034
2094
2075
2075
2031
1984
1877
1788
1780
1712
1659
1621
1649
1587
1635
1649
1641
1677
1654
1619
1554
1471
1389
1305
1202
1049
934
840
779
721
667
668
666
716
840
830
840
921
949
1039
1234
1409
1553
1686
1854
1953
2008
2086
2110
2071
1994
1938
1781
1706
1642
1581
1483
1460
1509
1576
1579
1682
1773
1887
2003
2050
2087
2021
2107
2023
2051
1929
1838
1832
1747
1678
1658
1683
1609
1643
1670
1658
1660
1670
1619
1596
1470
1443
1319
1242
1128
954
915
795
764
747
653
682
708
740
834
805
856
920
1028
1105
1365
1433
1552
1734
1949
1989
2100
2110
2127
2067
2005
1932
1755
1723
1611
1540
1447
1507
1508
1572
1644
1756
1845
1949
2000
2049
2062
2060
2037
2015
1960
1913
1840
1802
1683
1677
1716
1653
1654
1603
1671
1669
1646
1588
1604
1505
1488
1363
1264
1216
1148
1012
851
800
768
739
684
680
748
841
823
828
963
1029
1055
1194
1394
1582
1673
1875
1991
2069
2144
2118
2107
1977
1985
1854
1710
1592
1559
1482
1471
1454
1539
1627
1746
1805
1872
1949
2050
2059
2084
2050
2091
2034
1995
1921
1827
1811
1754
1710
1685
1681
1682
