773
744
651
627
609
569
564
618
804
776
810
955
1335
1425
1554
1751
2035
2153
2254
2188
2244
2299
2180
1969
1780
1828
1609
1501
1442
1484
1544
1531
1604
1708
1878
2029
2113
2128
2259
2303
2254
2279
2317
2169
2074
1976
1905
1759
1646
1530
1452
1441
1365
1335
1269
1287
1245
1156
1201
1247
1188
1038
987
999
858
811
723
676
620
674
601
614
659
788
792
839
1012
1306
1451
1618
1849
2067
2194
2305
2287
2241
2297
2187
2030
1854
1794
1658
1511
1449
1469
1514
1549
1664
1708
1860
1973
2094
2138
2248
2348
2284
2216
2294
2251
2121
1879
1876
1805
1643
1582
1474
1441
1432
1361
1303
1312
1359
1249
1234
1265
1277
1121
1058
1026
992
839
778
786
697
644
613
580
636
748
757
751
937
1187
1429
1524
1755
2012
2162
2209
2300
2284
2289
2187
2022
1842
1846
1713
1555
1445
1441
1482
1506
1626
1687
1817
2041
2078
2156
2288
2316
2299
2227
2281
2223
2102
1962
1813
1754
1633
1577
1443
1480
1456
1385
1317
1280
1375
1299
1244
1234
1237
1139
1040
971
906
827
776
637
625
584
595
637
608
729
737
809
1036
1214
1474
1648
1842
1984
2109
2296
2280
2284
2257
2212
2050
1889
1799
1653
1513
1401
1401
1450
1527
1590
1656
1789
1973
2102
2142
2255
2289
2292
2236
2199
2142
2096
1916
1734
1737
1632
1592
1424
1413
1444
1409
1360
1346
1374
1322
1247
1238
1238
1148
1041
966
887
810
734
665
596
629
666
593
618
765
797
880
1125
1397
1473
1665
1871
2059
2164
2291
2271
2240
2223
2144
1987
1771
1742
1589
1473
1398
1424
1466
1521
1654
1685
1888
2037
2164
2156
2253
2312
2209
2189
2146
2126
2028
1900
1761
1713
1607
1574
1369
1466
1457
1431
1425
1395
1416
1357
1320
1279
1225
1148
1031
908
890
789
726
613
623
649
618
662
702
865
818
1042
1204
1315
1546
1733
1979
2101
2261
2285
2266
2257
2216
2127
1891
1792
1719
1527
1438
1445
1453
1453
1579
1688
1759
1936
2083
2093
2235
2296
2313
2268
2187
2228
2132
2035
1842
1789
1740
1641
1570
1497
1494
1524
1463
1409
1416
1377
1337
1323
1267
1211
1146
1019
963
844
764
705
632
635
611
623
622
719
849
804
916
1241
1349
1596
1687
2024
2089
2247
2307
2221
2280
2177
2154
1850
1740
1694
1620
1467
1461
1493
1482
1606
1687
1795
1901
2101
2137
2170
2253
2312
2265
2079
2192
2122
2034
1835
1732
1685
1622
1531
1393
1458
1470
1453
1387
1377
1391
1364
1290
1193
1213
1160
1043
906
870
780
732
644
633
601
637
595
685
743
818
865
1093
1325
1516
1669
1935
2066
2142
2292
2228
2254
2185
2124
1927
1717
1773
1612
1529
1394
1480
1439
1570
1634
1682
1884
2068
2134
2158
2246
2308
2289
2159
2195
2128
2008
1788
1726
1689
1582
1547
1367
1431
1424
1417
1329
1354
1388
1332
1260
1258
1178
1138
991
894
888
812
703
665
637
611
605
585
649
738
784
845
1033
1300
1507
1615
1760
2042
2138
2228
2316
2270
2254
2183
2108
1881
1748
1713
1529
1435
1414
1477
1525
1557
1677
1756
1956
2082
2134
2208
2236
2318
2254
2147
2169
2126
1996
1825
1741
1744
1666
1547
1458
1494
1485
1442
1416
1362
1414
1348
1243
1230
1217
1128
1031
941
845
776
715
614
621
611
621
597
579
774
786
844
1007
1263
1452
1615
1818
2000
2195
2291
2299
2282
2266
2240
2045
1878
1771
1664
1519
1399
1389
1451
1457
1613
1669
1826
2004
2142
2194
2238
2292
2306
2254
2102
2128
2056
2046
1827
1707
1684
1614
1528
1461
1516
1527
1485
1444
1387
1420
1312
1250
1213
1185
1108
999
892
821
723
646
635
598
615
607
633
664
831
843
1011
1243
1481
1657
1870
2079
2146
2292
2296
2298
2237
2168
2088
1835
1733
1623
1504
1384
1400
1378
1502
1592
1688
1790
1897
2089
2131
2201
2203
2282
2183
2161
2081
2091
1980
1764
1720
1717
1585
1546
1544
1482
1514
1490
1457
1402
1408
1357
1265
1266
1158
1141
977
929
838
719
710
677
623
603
614
539
656
740
770
779
1213
1312
1575
1789
1978
2084
2138
2318
2183
2327
2148
2124
1957
1774
1714
1520
1440
1409
1415
1416
1517
1597
1714
1888
2038
2056
2155
2257
2290
2180
2118
2104
2177
2018
1857
1795
1777
1761
1522
1561
1515
1622
1529
1488
1467
1484
1413
1246
1239
1266
1132
960
918
871
776
645
621
591
626
615
636
594
706
870
952
1162
1322
1551
1742
1936
2068
2134
2310
2208
2256
2099
2097
1947
1801
1626
1526
1473
1401
1449
1464
1542
1652
1718
1889
1985
2113
2189
2253
2220
2223
2177
2096
2108
2087
1920
1836
1771
1750
1674
1540
1501
1556
1581
1481
1449
1443
1442
1335
1276
1243
1210
1123
983
910
831
788
643
621
587
595
570
615
707
764
841
1030
1269
1390
1602
1804
1980
2083
2242
2288
2236
2184
2109
1968
1763
1675
1572
1458
1417
1455
1466
1548
1637
1732
1842
2027
2079
2128
2189
2290
2213
2099
2114
2052
2014
1917
1794
1726
1750
1687
1523
1549
1563
1599
1450
1438
1475
1476
1345
1292
1230
1201
1105
977
858
851
758
646
628
660
706
555
649
737
890
887
1075
1179
1366
1676
1794
1980
2046
2258
2244
2152
2161
2081
2029
1836
1724
1618
1538
1449
1452
1445
1549
1665
1738
1835
1948
2095
2101
2223
2192
2170
2129
2093
1997
2003
1928
1867
1757
1688
1719
1603
1589
1553
1586
1525
1554
1478
1467
1400
1338
1273
1208
1143
993
923
838
821
700
752
875
954
1185
1379
1597
1828
1980
2079
2183
2207
2210
2186
2086
1989
1789
1759
1625
1451
1501
