1406
1635
1856
2116
2265
2356
2466
2511
2418
2267
2213
2116
1968
1843
1630
1592
1550
1452
1412
1470
1515
1573
1552
1548
1567
1577
1508
1342
1304
1198
1139
991
846
796
739
687
642
634
602
629
786
1107
1261
1496
1690
1918
2142
2121
2159
2123
2180
1874
1760
1613
1388
1314
1112
1060
1056
1184
1253
1346
1591
1850
2111
2242
2338
2423
2494
2494
2299
2221
2122
2024
1829
1680
1584
1540
1529
1426
1417
1491
1562
1570
1559
1553
1609
1609
1457
1294
1209
1162
1035
848
795
735
702
607
579
591
611
734
1035
1209
1338
1643
1910
2077
2124
2226
2158
2110
2037
1774
1555
1468
1358
1222
1096
1064
1096
1252
1333
1528
1738
2017
2198
2337
2388
2520
2493
2381
2251
2128
2012
1866
1710
1551
1548
1541
1465
1454
1481
1579
1597
1603
1612
1612
1620
1487
1288
1255
1136
979
894
824
751
674
655
584
647
658
604
916
1261
1296
1548
1785
2070
2131
2193
2149
2082
2118
1921
1684
1507
1346
1301
1141
1066
1063
1242
1311
1450
1702
1896
2123
2255
2403
2412
2518
2440
2292
2216
2082
1937
1800
1684
1547
1544
1526
1456
1445
1520
1586
1584
1572
1565
1579
1579
1399
1293
1186
1126
991
846
767
717
728
646
613
636
666
703
1063
1250
1331
1620
1836
2028
2098
2188
2135
2079
2109
1847
1693
1483
1380
1221
1110
1088
1095
1193
1294
1468
1684
1921
2113
2225
2357
2399
2464
2460
2320
2198
2046
1999
1869
1685
1620
1556
1515
1443
1451
1494
1554
1577
1546
1550
1574
1551
1390
1283
1223
1104
994
813
808
754
731
675
601
613
623
868
1130
1273
1408
1654
1922
2091
2117
2220
2149
2125
2049
1791
1633
1444
1359
1179
1081
1090
1138
1290
1374
1579
1816
2052
2214
2339
2398
2471
2489
2360
2257
2126
1993
1897
1754
1680
1589
1544
1487
1460
1503
1537
1556
1554
1541
1557
1568
1469
1345
1254
1192
1098
941
840
810
722
689
632
623
656
624
953
1224
1324
1568
1812
2003
2095
2157
2157
2108
2110
1855
1677
1556
1410
1279
1140
1095
1074
1255
1299
1442
1686
1874
2090
2236
2339
2399
2462
2409
2303
2212
2086
1958
1827
1701
1622
1554
1501
1455
1482
1515
1524
1543
1501
1551
1526
1509
1386
1291
1176
1103
1023
885
804
786
744
663
641
659
645
817
1126
1289
1443
1705
1921
2081
2113
2161
2087
2100
1929
1685
1565
1407
1337
1179
1090
1068
1181
1308
1410
1575
1760
2004
2145
2245
2338
2368
2394
2320
2194
2100
2018
1835
1685
1634
1573
1519
1508
1453
1485
1540
1553
1476
1507
1523
1516
1416
1300
1202
1096
999
822
794
751
755
679
640
660
675
880
1103
1263
1410
1650
1898
2038
2077
2147
2026
2026
1937
1700
1501
1329
1235
1115
1051
1094
1208
1331
1452
1674
1948
2073
2179
2286
2339
2370
2334
2234
2084
2038
1967
1795
1673
1605
1555
1528
1504
1474
1543
1582
1575
1549
1503
1524
1396
1325
1226
1160
1072
923
787
777
743
729
703
699
733
806
1145
1336
1445
1626
1848
2030
2090
2179
2100
2041
2053
1813
1659
1510
1365
1275
1128
1082
1120
1234
1345
1449
1628
1894
2092
2220
2312
2328
2377
2352
2254
2093
1949
1907
1757
1645
1561
1571
1545
1521
1525
1605
1627
1643
1568
1543
1580
1461
1357
1234
1132
1099
980
824
776
761
750
733
715
754
764
1101
1316
1398
1614
1864
2087
2094
2116
2080
2029
2031
1791
1627
1482
1326
1281
1156
1064
1101
1244
1353
1448
1570
1816
2048
2133
2281
2332
2322
2380
2303
2166
2019
2005
1839
1693
1636
1567
1550
1549
1512
1549
1585
1627
1622
1619
1555
1606
1439
1328
1129
1180
1011
885
798
747
813
756
690
750
816
885
1094
1318
1453
1726
1883
2085
2078
2163
2079
2014
1901
1673
1562
1372
1325
1178
1130
1098
1163
1290
1416
1608
1823
2021
2166
2278
2274
2418
2413
2242
2128
2015
1999
1794
1683
1588
1580
1559
1506
1429
1548
1624
1625
1572
1557
1584
1544
1378
1284
1132
1088
960
851
757
754
757
690
692
768
724
909
1236
1291
1471
1699
1879
2095
2108
2135
2063
2057
2001
1689
1600
1407
1332
1180
1086
1095
1165
1271
1369
1557
1764
2006
2169
2250
2319
631
988
1282
1375
1564
1870
2130
2122
2224
2133
2148
2105
1827
1713
1532
1459
1318
1167
1170
1192
1278
1501
1642
1786
2037
2227
2371
2468
2377
2464
2378
2291
2099
1990
1907
1788
1647
1486
1458
1442
1414
1393
1386
1443
1458
1389
1403
1435
1372
1279
1146
1075
1033
916
786
744
766
712
713
638
646
683
679
1101
1259
1264
1529
1751
2003
2088
2226
2134
2189
2207
1995
1846
1659
1486
1398
1279
1201
1220
1288
1464
1589
1718
1952
2226
2349
2454
2420
2436
2435
2320
2105
1976
1917
1787
1631
1513
1473
1411
1387
1393
1437
1469
1425
1394
1410
1406
1246
1153
1100
1014
920
856
761
730
780
724
685
688
677
640
858
1162
1241
1442
1590
1821
2046
2092
2217
2132
2192
2152
1944
1800
1633
1547
1391
1282
1225
1248
1376
1556
1670
1825
2074
2294
2466
2449
2434
2477
2446
2335
2106
1996
1886
1787
1603
1510
1458
1430
1397
1379
1397
1466
1433
1389
1432
1422
1296
1182
1122
1076
983
869
771
762
770
755
675
640
705
648
894
1154
1192
1448
1668
1824
2020
2115
2219
2152
2218
2100
1882
1768
1608
1522
1345
1241
1230
1323
1477
1577
1748
1924
2176
2414
2459
2429
2446
2516
2336
2196
2069
1940
1814
1659
1519
1502
1484
1442
1382
1417
1446
1394
1396
1307
1422
1299
1232
1149
1091
1069
896
811
804
754
752
679
695
646
690
630
1019
1235
1298
1564
1803
2038
2121
2177
2202
2157
