1687.4666666666667
1644.7333333333333
1629.2
1601.6
1586.0666666666666
1566.0666666666666
1617.2
1661.4
1649.4
1652.4666666666667
1692.6
1744.4666666666667
1708.6
1692.4
1692.0666666666666
1672.9333333333334
1637.0
1592.0
1574.2666666666667
1551.2
1504.5333333333333
1491.0666666666666
1474.5333333333333
1440.8666666666666
1413.9333333333334
1418.0
1406.6666666666667
1379.6
1339.4666666666667
1322.2666666666667
1332.8
1335.6
1325.2666666666667
1313.8666666666666
1312.7333333333333
1334.3333333333333
1333.8666666666666
1325.6666666666667
1324.6
1345.0666666666666
1402.0666666666666
1413.9333333333334
1404.9333333333334
1451.3333333333333
1488.4
1510.6
1505.3333333333333
1520.7333333333333
1550.6
1593.3333333333333
1582.6666666666667
1570.6666666666667
1598.4666666666667
1648.1333333333334
1652.2
1676.9333333333334
1632.0
1662.1333333333334
1685.6
1713.4
1687.4666666666667
1659.8666666666666
1668.6666666666667
1662.2
1635.8666666666666
1603.3333333333333
1584.9333333333334
1591.5333333333333
1585.2666666666667
1568.9333333333334
1559.6
1557.4
1593.2666666666667
1634.8
1636.6666666666667
1686.8
1717.0
1742.8666666666666
1771.6666666666667
1768.7333333333333
1748.5333333333333
1736.3333333333333
1679.2
1632.2666666666667
1588.2
1521.5333333333333
1467.6
1395.2666666666667
1355.3333333333333
1331.7333333333333
1316.7333333333333
1290.3333333333333
1302.8666666666666
1401.3333333333333
1409.0
1421.2666666666667
1431.0666666666666
1475.0666666666666
1490.0
1463.2
1435.2
1412.6
1447.8
1398.9333333333334
1321.0666666666666
1297.0666666666666
1273.4
1314.5333333333333
1306.0
1269.4666666666667
1319.4666666666667
1418.6666666666667
1483.8
1495.8
1565.1333333333334
1659.7333333333333
1734.7333333333333
1783.6666666666667
1791.1333333333334
1844.2
1826.7333333333333
1818.6666666666667
1775.8666666666666
1762.4
1707.0
1678.6
1611.4
1582.8666666666666
1575.8666666666666
1547.5333333333333
1547.3333333333333
1550.2666666666667
1582.1333333333334
1617.6666666666667
1628.4
1655.6
1672.9333333333334
1691.4
1719.3333333333333
1688.9333333333334
1645.2
1640.2666666666667
1621.8
1587.4666666666667
1552.0
1551.5333333333333
1525.4666666666667
1491.4
1470.4666666666667
1467.2
1461.2666666666667
1440.5333333333333
1404.2666666666667
1407.2
1407.8
1475.0
1462.5333333333333
1423.7333333333333
1448.2
1486.9333333333334
1461.8666666666666
1405.8
1402.4
1404.6666666666667
1419.0666666666666
1385.1333333333334
1338.1333333333334
1354.2
1369.8
1355.0
1335.2
1339.2
1359.4
1393.8666666666666
1396.4666666666667
1436.0666666666666
1517.5333333333333
1530.5333333333333
1577.0666666666666
1615.4666666666667
1633.2666666666667
1646.1333333333334
1686.0
1686.9333333333334
1705.4
1730.1333333333334
1753.4666666666667
1769.5333333333333
1775.6
1798.8
1781.2666666666667
1802.9333333333334
1798.9333333333334
1752.7333333333333
1725.6666666666667
1720.1333333333334
1683.0
1629.1333333333334
1595.2
1572.2666666666667
1554.4666666666667
1541.0
1506.7333333333333
1515.2666666666667
1501.5333333333333
1504.4
1489.0
1490.0666666666666
1513.1333333333334
1482.4
1476.8
1438.8
1420.5333333333333
1392.2
1374.0666666666666
1379.2666666666667
1393.0
1419.3333333333333
1436.2666666666667
1467.5333333333333
1490.9333333333334
1553.6
1584.9333333333334
1568.4
1578.7333333333333
1618.4666666666667
1618.2
1566.2
1520.4
1487.2666666666667
1457.0
1414.0
1338.7333333333333
1333.2666666666667
1330.1333333333334
1341.3333333333333
1321.6
1340.1333333333334
1381.8
1416.8
1436.7333333333333
1474.0666666666666
1538.4666666666667
1617.6666666666667
1657.0666666666666
1596.6
1700.6
1741.8666666666666
1764.8
1767.6666666666667
1784.7333333333333
1817.2
1834.6666666666667
1778.2666666666667
1749.6666666666667
1745.6
1715.0666666666666
1677.0
1616.5333333333333
1611.8
1593.9333333333334
1585.0666666666666
1546.3333333333333
1515.8666666666666
1560.8666666666666
1553.9333333333334
1562.6666666666667
1553.6666666666667
1546.6
1575.4666666666667
1586.6
1596.6666666666667
1561.5333333333333
1561.8666666666666
1561.6666666666667
1525.9333333333334
1488.2
1467.5333333333333
1459.7333333333333
1459.6666666666667
1430.0
1416.2
1457.7333333333333
1495.8
1495.2
1494.8666666666666
1535.6666666666667
1589.8
1609.1333333333334
1598.6666666666667
1590.9333333333334
1578.4
1573.6666666666667
1488.2
1464.9333333333334
1424.9333333333334
1406.3333333333333
1363.2
1336.4
1371.0
1359.8
1379.5333333333333
1400.6
1392.6
1440.8666666666666
1454.0666666666666
1458.6666666666667
1456.8666666666666
1438.0
1471.5333333333333
1478.9333333333334
1503.4666666666667
1485.1333333333334
1538.3333333333333
1587.1333333333334
1608.7333333333333
1674.3333333333333
1691.1333333333334
1730.0
1740.2666666666667
1753.6666666666667
1781.7333333333333
1752.7333333333333
1740.4
1717.8666666666666
1671.0666666666666
1621.7333333333333
1592.2
1542.2
1498.9333333333334
1473.4666666666667
1444.5333333333333
1409.2666666666667
1385.6
1389.0
1405.0
1428.0
1421.8666666666666
1445.4
1500.1333333333334
1530.8
1538.7333333333333
1566.4666666666667
1580.8
1563.9333333333334
1546.2666666666667
1564.5333333333333
1526.8
1541.0666666666666
1512.1333333333334
1480.9333333333334
1504.1333333333334
1498.6666666666667
1505.2666666666667
1499.8
1499.9333333333334
1513.5333333333333
1553.4
1560.8
1525.6666666666667
1505.2
1522.6
1523.2666666666667
1508.9333333333334
1484.6666666666667
1476.0
1478.2666666666667
1482.7333333333333
1475.4
1465.6
1496.6666666666667
1544.8
1557.8666666666666
1569.8
1583.7333333333333
1600.2666666666667
1614.5333333333333
1636.5333333333333
1629.2
1616.0
1633.4666666666667
1668.6
1647.6666666666667
1577.0666666666666
1640.4
1576.7333333333333
1578.2
1543.8666666666666
1521.4
1538.6
1529.0
1522.8666666666666
1493.6666666666667
1523.2666666666667
1521.7333333333333
1501.6666666666667
1469.3333333333333
1456.4
1465.9333333333334
1424.4666666666667
1382.7333333333333
1366.0
1392.9333333333334
1388.6
1358.4666666666667
1368.0666666666666
1384.7333333333333
1405.1333333333334
1415.7333333333333
1426.8666666666666
1453.4
1513.1333333333334
1537.6666666666667
1570.6666666666667
1598.1333333333334
1612.4
1640.7333333333333
1620.8
1620.8
1604.0
1596.8
1575.6
1572.2
1570.5333333333333
1554.6
1537.7333333333333
1528.0666666666666
1520.6666666666667
1541.4
1527.4
1524.2666666666667
1509.6
1556.7333333333333
1566.2666666666667
1575.1333333333334
1584.4666666666667
1613.8
1654.0666666666666
1664.0
1682.9333333333334
1669.1333333333334
1674.5333333333333
1662.8
1629.1333333333334
1568.6
1584.1333333333334
1583.2
1533.8
1510.3333333333333
1480.8
1482.0666666666666
1467.3333333333333
1422.1333333333334
1398.5333333333333
1409.7333333333333
1385.6666666666667
1346.2
1316.5333333333333
1281.4666666666667
1282.8
1244.6666666666667
1208.1333333333334
1210.7333333333333
1242.5333333333333
1301.6
1342.3333333333333
1399.1333333333334
1467.7333333333333
1555.6666666666667
1617.6
1657.9333333333334
1686.2666666666667
1707.2
1747.0666666666666
1719.1333333333334
1669.5333333333333
1623.2666666666667
1597.8
1564.1333333333334
1523.6666666666667
1497.2666666666667
1514.6
1514.1333333333334
1516.1333333333334
1569.6666666666667
1595.2
1649.7333333333333
1673.9333333333334
1701.3333333333333
1739.6666666666667
1758.4666666666667
1752.0
1742.3333333333333
1737.6
1712.4
1667.1333333333334
1654.6666666666667
1624.9333333333334
1599.9333333333334
1587.8666666666666
1564.0
1593.7333333333333
1599.5333333333333
1617.4
1640.2
1630.0666666666666
1654.1333333333334
1634.0666666666666
1602.8
1573.4666666666667
1517.4666666666667
1482.8
1433.8666666666666
1433.7333333333333
1381.6
1333.6666666666667
1323.8666666666666
1302.0
1296.5333333333333
1267.5333333333333
1263.6666666666667
1294.6666666666667
1289.5333333333333
1262.6
1258.8666666666666
1297.3333333333333
1320.1333333333334
1319.5333333333333
1309.4666666666667
1333.4
1407.7333333333333
1470.2
1506.0
1542.4666666666667
1615.3333333333333
1700.4
1749.4
1755.0
1779.4
1798.8
1808.4
1783.4
1750.1333333333334
1713.6
1699.2
1645.5333333333333
1633.6666666666667
1623.9333333333334
1589.4
1577.1333333333334
1555.2
1597.7333333333333
1598.6666666666667
1624.7333333333333
1631.6
1668.2666666666667
1683.6666666666667
1671.6666666666667
1645.1333333333334
1635.8666666666666
1632.5333333333333
1602.1333333333334
1610.6666666666667
1596.6
1606.6
1630.8666666666666
1644.6666666666667
1648.1333333333334
1655.9333333333334
1694.8
1681.4
1644.7333333333333
1636.7333333333333
1597.7333333333333
1548.1333333333334
1484.1333333333334
1422.5333333333333
1356.9333333333334
1297.1333333333334
1264.6
1250.7333333333333
1247.8
1223.1333333333334
1253.6
1270.9333333333334
1295.8666666666666
1308.4
1365.0666666666666
1373.6
1407.3333333333333
1403.4666666666667
1460.2666666666667
1498.1333333333334
1484.2
1480.8666666666666
1468.8
1478.0
1473.8
1485.2666666666667
1482.4
1524.4666666666667
1564.0
1590.9333333333334
1625.5333333333333
1662.2
1687.8666666666666
1699.0666666666666
1729.4666666666667
1710.8
1713.6666666666667
1695.2666666666667
1664.8
1629.0666666666666
1600.9333333333334
1575.8666666666666
1549.9333333333334
1541.2
1526.8
1552.8666666666666
1556.3333333333333
1573.6666666666667
1607.9333333333334
1637.8666666666666
1646.6
1648.2
1663.5333333333333
1671.5333333333333
1661.0
1614.2
1590.0666666666666
1579.3333333333333
1573.6
1555.0
1510.4
1504.2666666666667
1512.4
1512.9333333333334
1509.0
1488.0666666666666
1504.8666666666666
1506.7333333333333
1475.7333333333333
1432.8666666666666
1420.9333333333334
1356.0
1333.4
1324.8
1270.0
1257.9333333333334
1312.2
1336.7333333333333
1355.6666666666667
1382.4
1436.3333333333333
1472.9333333333334
1526.2
1558.1333333333334
1561.0
1568.4
1533.4666666666667
1515.9333333333334
1496.0
1460.3333333333333
1419.2666666666667
1438.3333333333333
1436.8666666666666
1436.1333333333334
1452.8666666666666
1460.8666666666666
1504.0
1559.4666666666667
1612.2666666666667
1643.8666666666666
1736.5333333333333
1772.0
1792.6666666666667
1812.4
1810.2666666666667
1823.0
1769.7333333333333
1745.2666666666667
1693.3333333333333
1654.4666666666667
1623.6666666666667
1563.4666666666667
1557.0666666666666
1544.3333333333333
1537.7333333333333
1540.9333333333334
1584.1333333333334
1598.7333333333333
1620.5333333333333
1643.5333333333333
1654.4
1666.5333333333333
1643.5333333333333
1630.8666666666666
1627.5333333333333
1596.7333333333333
1574.9333333333334
1541.2666666666667
1512.9333333333334
1499.8666666666666
1460.7333333333333
1429.7333333333333
1391.2
1355.6666666666667
1308.8666666666666
1283.6666666666667
1229.8
1206.2
1209.0666666666666
1205.0666666666666
1216.8666666666666
1254.7333333333333
1328.3333333333333
1325.9333333333334
1430.7333333333333
1508.0666666666666
1559.6666666666667
1625.2666666666667
1612.6666666666667
1650.6
1627.0666666666666
1584.5333333333333
1544.0666666666666
1503.1333333333334
1482.2666666666667
1434.3333333333333
1411.4
1406.6666666666667
1417.9333333333334
1447.2
1467.1333333333334
1486.2666666666667
1560.4666666666667
1595.0666666666666
1651.8666666666666
1697.2666666666667
1742.9333333333334
1759.0666666666666
1764.4
1678.8666666666666
1673.8
1707.0666666666666
1704.2
1707.9333333333334
1724.6
1709.8
1706.6666666666667
1719.8
1701.8
1675.9333333333334
1670.7333333333333
1673.6666666666667
1622.4666666666667
1601.6666666666667
1577.6666666666667
1536.7333333333333
1515.8
1492.6666666666667
1477.8666666666666
1457.0
1486.6
1513.3333333333333
1514.3333333333333
1502.5333333333333
1541.0666666666666
1529.4666666666667
1545.0666666666666
1521.4666666666667
1549.4666666666667
1518.4
1482.6
1446.4
1425.8
1414.8
1364.1333333333334
1332.6
1309.6
1330.5333333333333
1346.8666666666666
1318.2666666666667
1344.0
1408.1333333333334
1452.3333333333333
1527.6666666666667
1552.6
1596.7333333333333
1670.1333333333334
1681.7333333333333
1667.7333333333333
1675.3333333333333
1666.7333333333333
1638.8666666666666
1573.4666666666667
1538.5333333333333
1494.8666666666666
1471.3333333333333
1415.8
1405.2
1395.6666666666667
1410.8666666666666
1422.4
1449.2666666666667
1496.8666666666666
1540.2666666666667
1579.4666666666667
1640.2666666666667
1647.5333333333333
1671.2666666666667
1696.1333333333334
1736.9333333333334
1698.7333333333333
1673.4
1681.7333333333333
1657.4
1615.6
1546.4666666666667
1518.0
1517.2666666666667
1511.6666666666667
1484.0666666666666
1493.8666666666666
1531.4
1561.5333333333333
1591.1333333333334
1591.9333333333334
1631.0666666666666
1646.8666666666666
1655.5333333333333
1661.8666666666666
1634.9333333333334
1651.7333333333333
1633.6
1628.4
1601.0
1622.3333333333333
1607.6666666666667
1604.3333333333333
1588.8
1602.0
1617.3333333333333
1561.6
1545.1333333333334
1525.4666666666667
1511.9333333333334
1521.2666666666667
1488.5333333333333
1462.1333333333334
1473.4
1498.2666666666667
1471.6666666666667
1457.4666666666667
1478.5333333333333
1469.8
1511.9333333333334
1502.8
1459.6666666666667
1485.3333333333333
1489.9333333333334
1469.4
1443.6
1419.8666666666666
1413.0
1410.7333333333333
1403.0
1402.1333333333334
1423.7333333333333
1472.4
1480.7333333333333
1483.2666666666667
1515.9333333333334
1558.3333333333333
1551.3333333333333
1513.3333333333333
1541.5333333333333
1570.2666666666667
1472.0
1477.4
1448.5333333333333
1475.1333333333334
1473.9333333333334
1486.8
1477.1333333333334
1460.6666666666667
1531.7333333333333
1557.0
1554.9333333333334
1576.7333333333333
1631.2666666666667
1651.8666666666666
1649.8666666666666
1686.6666666666667
1683.6666666666667
1744.2
1727.4666666666667
1741.2666666666667
1748.1333333333334
1744.6666666666667
1774.7333333333333
1737.3333333333333
1709.9333333333334
1684.0
1669.0666666666666
1595.5333333333333
1544.0
1504.8
1474.2
1455.1333333333334
1408.6
1388.9333333333334
1416.2666666666667
1445.0
1473.0666666666666
1484.4666666666667
1530.6666666666667
1571.7333333333333
1595.2666666666667
1605.3333333333333
1600.1333333333334
1614.0
1599.6666666666667
1576.2
1513.3333333333333
1454.6666666666667
1433.3333333333333
1379.5333333333333
1350.1333333333334
1320.1333333333334
1355.6666666666667
1385.5333333333333
1386.5333333333333
1403.2
1443.6666666666667
1504.2
1528.7333333333333
1518.5333333333333
1529.0666666666666
1545.0666666666666
1538.4666666666667
1486.8666666666666
1417.4
1370.0666666666666
1327.2666666666667
1277.9333333333334
1238.2666666666667
1268.5333333333333
1309.3333333333333
1354.8666666666666
1419.0666666666666
1498.2666666666667
1578.9333333333334
1645.8666666666666
1689.6
1707.1333333333334
1723.0666666666666
1738.4
1756.5333333333333
1686.2
1662.0
1650.2666666666667
1634.1333333333334
1589.3333333333333
1574.8666666666666
1567.9333333333334
1608.6
1601.5333333333333
1603.6
1617.6
1627.4666666666667
1579.6666666666667
1587.3333333333333
1597.2666666666667
1585.0
1574.0
1529.0666666666666
1506.8
1489.1333333333334
1447.4
1424.5333333333333
1452.2666666666667
1445.8666666666666
1435.0
1452.9333333333334
1473.8666666666666
1446.3333333333333
1441.5333333333333
1445.0666666666666
1438.2666666666667
1442.9333333333334
1445.3333333333333
1459.8
1455.0
1493.0
1531.5333333333333
1560.3333333333333
1570.0666666666666
1592.2
1632.6
