1566.8
1529.3333333333333
1517.2666666666667
1488.6
1485.7333333333333
1473.7333333333333
1471.5333333333333
1463.2666666666667
1458.1333333333334
1453.9333333333334
1461.1333333333334
1465.0666666666666
1506.0
1536.8
1571.3333333333333
1607.2
1658.6666666666667
1694.1333333333334
1721.9333333333334
1739.3333333333333
1739.8666666666666
1766.2
1760.4666666666667
1775.2666666666667
1780.0666666666666
1798.2666666666667
1799.3333333333333
1799.0
1774.3333333333333
1754.7333333333333
1723.9333333333334
1680.6666666666667
1653.8666666666666
1622.9333333333334
1598.2666666666667
1584.1333333333334
1548.3333333333333
1525.4666666666667
1491.5333333333333
1477.8666666666666
1463.2
1439.6
1454.1333333333334
1447.4
1468.5333333333333
1492.4
1497.9333333333334
1498.2
1498.4666666666667
1491.3333333333333
1481.5333333333333
1462.8666666666666
1457.4
1430.9333333333334
1437.4
1430.4
1403.5333333333333
1410.4666666666667
1426.2666666666667
1417.0666666666666
1459.1333333333334
1482.8666666666666
1515.4
1534.6
1578.2
1609.3333333333333
1620.1333333333334
1614.5333333333333
1609.7333333333333
1592.9333333333334
1578.1333333333334
1566.1333333333334
1551.8666666666666
1539.0
1527.8
1524.6
1515.4666666666667
1507.2666666666667
1485.9333333333334
1495.1333333333334
1540.4666666666667
1581.8666666666666
1648.0666666666666
1704.0666666666666
1769.0
1821.0
1847.4
1852.1333333333334
1817.5333333333333
1788.1333333333334
1762.6
1708.0
1657.0
1618.3333333333333
1572.8666666666666
1518.4
1481.2666666666667
1432.6
1392.6666666666667
1358.3333333333333
1356.6
1395.6
1444.5333333333333
1492.4666666666667
1536.3333333333333
1580.9333333333334
1605.8
1607.4666666666667
1592.8666666666666
1574.4666666666667
1534.4666666666667
1480.8
1444.6666666666667
1411.2666666666667
1370.2
1358.5333333333333
1345.8
1325.3333333333333
1318.6
1323.2
1327.1333333333334
1336.7333333333333
1368.7333333333333
1375.3333333333333
1434.2
1464.2666666666667
1496.4666666666667
1524.6
1540.2
1549.0
1574.7333333333333
1563.2
1542.4666666666667
1531.7333333333333
1515.8
1508.0
1518.2
1539.6666666666667
1559.2666666666667
1607.6666666666667
1637.8
1686.2
1737.3333333333333
1776.9333333333334
1779.4
1779.1333333333334
1762.8
1751.9333333333334
1736.7333333333333
1716.4
1686.7333333333333
1659.6
1617.2666666666667
1582.4
1537.8666666666666
1489.4
1454.3333333333333
1436.1333333333334
1416.9333333333334
1429.4
1452.8
1467.9333333333334
1491.6
1513.3333333333333
1521.8
1525.2
1515.0666666666666
1517.1333333333334
1503.8
1498.5333333333333
1494.0666666666666
1474.2666666666667
1461.8666666666666
1430.6
1406.6
1380.7333333333333
1351.2
1328.0
1321.4
1307.2
1317.4666666666667
1330.1333333333334
1329.2
1350.0
1366.6
1359.4666666666667
1378.7333333333333
1374.6
1381.8666666666666
1372.4666666666667
1371.3333333333333
1374.8
1382.0666666666666
1397.2
1400.3333333333333
1407.7333333333333
1439.0
1460.5333333333333
1493.6666666666667
1542.6666666666667
1587.8
1625.8666666666666
1667.4666666666667
1696.0666666666666
1714.4
1724.9333333333334
1744.3333333333333
1737.7333333333333
1709.3333333333333
1668.4666666666667
1639.7333333333333
1604.6
1559.8
1520.7333333333333
1498.1333333333334
1461.8666666666666
1447.1333333333334
1474.0666666666666
1478.0
1506.4666666666667
1535.7333333333333
1553.0666666666666
1586.2666666666667
1595.0666666666666
1602.8
1618.6
1632.5333333333333
1636.4
1635.0666666666666
1632.2666666666667
1642.9333333333334
1609.4
1598.6666666666667
1572.5333333333333
1555.4666666666667
1519.5333333333333
1513.2
1499.6666666666667
1490.5333333333333
1484.8
1472.7333333333333
1483.8
1496.7333333333333
1504.2666666666667
1511.8666666666666
1513.6666666666667
1514.4666666666667
1505.8666666666666
1492.0
1479.7333333333333
1462.9333333333334
1448.8666666666666
1442.2666666666667
1447.0
1450.6
1464.7333333333333
1478.4
1498.3333333333333
1522.7333333333333
1547.4
1567.5333333333333
1583.8666666666666
1614.2
1632.3333333333333
1653.8666666666666
1643.6
1638.9333333333334
1635.7333333333333
1634.0666666666666
1632.3333333333333
1587.6666666666667
1594.8
1582.8666666666666
1555.4
1550.5333333333333
1531.8666666666666
1537.8666666666666
1522.9333333333334
1509.6
1510.0
1497.2666666666667
1499.2666666666667
1500.0666666666666
1491.8666666666666
1484.6
1484.2
1475.0666666666666
1461.2
1455.5333333333333
1445.2
1431.8
1446.8
1425.5333333333333
1432.0666666666666
1423.3333333333333
1431.2666666666667
1423.6666666666667
1433.6
1439.3333333333333
1445.8
1456.6
1472.3333333333333
1487.2666666666667
1509.1333333333334
1501.2
1488.0
1464.1333333333334
1437.0666666666666
1406.2666666666667
1375.9333333333334
1350.8
1328.7333333333333
1319.2
1325.4666666666667
1326.9333333333334
1327.6
1337.4666666666667
1356.9333333333334
1382.5333333333333
1402.9333333333334
1448.1333333333334
1497.1333333333334
1540.0
1570.7333333333333
1602.7333333333333
1611.7333333333333
1593.8
1581.4
1543.0666666666666
1505.5333333333333
1474.0
1462.5333333333333
1458.9333333333334
1457.8666666666666
1478.0666666666666
1498.0
1519.9333333333334
1537.0
1578.2
1612.0666666666666
1648.4666666666667
1683.4
1717.3333333333333
1741.2666666666667
1760.8
1782.0
1770.5333333333333
1742.2666666666667
1699.3333333333333
1660.7333333333333
1595.4666666666667
1555.3333333333333
1502.7333333333333
1464.2666666666667
1435.4
1447.0
1458.8666666666666
1477.1333333333334
1511.6
1557.6
1622.3333333333333
1672.9333333333334
1714.4666666666667
1751.0
1763.4
1790.7333333333333
1795.1333333333334
1775.9333333333334
1745.1333333333334
1708.6666666666667
1654.7333333333333
1618.4666666666667
1579.0666666666666
1530.6666666666667
1486.6666666666667
1453.2
1453.8
1436.9333333333334
1431.7333333333333
1460.6666666666667
1474.0
1500.5333333333333
1546.2666666666667
1584.8666666666666
1613.9333333333334
1643.6666666666667
1663.1333333333334
1652.3333333333333
1639.8
1605.0
1580.3333333333333
1549.6
1486.2
1479.9333333333334
1480.6
1449.4
1441.3333333333333
1440.0666666666666
1434.2666666666667
1440.4
1457.8666666666666
1470.0666666666666
1488.6
1503.2666666666667
1531.3333333333333
1558.4666666666667
1581.7333333333333
1605.4666666666667
1626.9333333333334
1625.2
1643.6
1638.8
1627.1333333333334
1615.7333333333333
1594.4
1570.7333333333333
1572.2
1540.0
1545.6
1543.4666666666667
1523.8
1537.8666666666666
1543.8666666666666
1537.0
1547.9333333333334
1528.7333333333333
1556.2666666666667
1577.2
1579.8
1583.8
1611.6666666666667
1619.5333333333333
1608.2666666666667
1584.2666666666667
1563.0666666666666
1528.6
1508.4
1472.6666666666667
1462.7333333333333
1426.6
1430.9333333333334
1425.8666666666666
1418.0666666666666
1413.9333333333334
1430.4666666666667
1423.5333333333333
1453.6666666666667
1470.4666666666667
1515.6666666666667
1549.8
1582.0
1609.0
1616.6666666666667
1637.7333333333333
1622.8666666666666
1609.2
1597.0
1580.9333333333334
1522.4666666666667
1495.3333333333333
1468.1333333333334
1436.2
1428.9333333333334
1412.3333333333333
1408.2
1414.2666666666667
1438.6
1454.0
1455.9333333333334
1482.5333333333333
1516.6666666666667
1551.0666666666666
1609.0
1666.4666666666667
1713.2666666666667
1754.4
1792.7333333333333
1804.5333333333333
1809.0666666666666
1769.9333333333334
1729.3333333333333
1677.4
1625.4
1581.0
1540.8666666666666
1517.0666666666666
1494.8666666666666
1462.0
1437.0
1428.8
1438.7333333333333
1423.4
1437.2
1447.3333333333333
1455.2666666666667
1483.4
1498.9333333333334
1513.3333333333333
1500.6666666666667
1508.6666666666667
1481.8
1454.6666666666667
1429.7333333333333
1372.2666666666667
1381.8666666666666
1378.6
1372.9333333333334
1397.8666666666666
1390.0666666666666
1398.2666666666667
1427.6666666666667
1435.0666666666666
1476.6
1504.8
1545.7333333333333
1569.3333333333333
1586.6666666666667
1590.4
1555.6
1540.6
1587.9333333333334
1564.2666666666667
1543.6
1529.1333333333334
1521.0666666666666
1496.7333333333333
1492.1333333333334
1487.7333333333333
1487.2666666666667
1510.1333333333334
1529.2
1560.1333333333334
1598.0
1646.8
1665.7333333333333
1705.3333333333333
1722.9333333333334
1723.0666666666666
1715.0666666666666
1702.0666666666666
1698.8
1687.5333333333333
1669.2
1657.6666666666667
1655.0666666666666
1632.4
1617.4666666666667
1605.8
1576.2666666666667
1559.9333333333334
1545.3333333333333
1552.8
1549.2666666666667
1546.0666666666666
1546.0
1537.2
1531.8666666666666
1519.9333333333334
1488.1333333333334
1468.0
1445.1333333333334
1444.9333333333334
1434.0666666666666
1453.6
1479.4666666666667
1491.9333333333334
1508.0666666666666
1528.5333333333333
1526.5333333333333
1547.9333333333334
1555.3333333333333
1555.4666666666667
1532.8
1549.2666666666667
1546.0
1533.1333333333334
1533.0
1511.6666666666667
1502.2666666666667
1498.8666666666666
1499.0
1514.8666666666666
1499.8
1514.4
1528.2
1521.8666666666666
1570.6666666666667
1575.3333333333333
1597.9333333333334
1628.4
1629.4666666666667
1654.3333333333333
1676.8666666666666
1698.7333333333333
1696.6666666666667
1653.6666666666667
1661.2
1624.6666666666667
1590.6
1545.8666666666666
1521.5333333333333
1491.0
1490.8
1502.2
1484.8666666666666
1492.6
1500.0
1520.4
1528.3333333333333
1544.8666666666666
1554.6
1559.4
1575.7333333333333
1611.2666666666667
1607.6666666666667
1615.0
1608.6666666666667
1594.0666666666666
1589.1333333333334
1578.0666666666666
1568.0666666666666
1587.1333333333334
1627.0666666666666
1634.2666666666667
1652.0666666666666
1659.8666666666666
1661.6
1653.6666666666667
1635.8666666666666
1599.7333333333333
1583.5333333333333
1572.8
1555.4666666666667
1492.7333333333333
1487.2
1468.9333333333334
1472.2666666666667
1457.6
1473.3333333333333
1482.7333333333333
1488.4
1501.4
1511.0666666666666
1520.2
1549.5333333333333
1548.8
1569.0
1549.4
1559.5333333333333
1549.9333333333334
1529.0
1508.5333333333333
1500.1333333333334
1470.4
1437.2
1430.3333333333333
1422.2
1423.4666666666667
1432.1333333333334
1432.5333333333333
1445.9333333333334
1453.3333333333333
1465.9333333333334
1475.2666666666667
1501.4666666666667
1510.8666666666666
1495.7333333333333
1495.5333333333333
1485.7333333333333
1514.7333333333333
1485.6666666666667
1463.4
1439.7333333333333
1429.4
1436.8666666666666
1432.0
1457.7333333333333
1475.0666666666666
1503.7333333333333
1548.6
1586.6
1603.1333333333334
1638.4666666666667
1658.2666666666667
1667.4666666666667
1661.2666666666667
1668.7333333333333
1660.3333333333333
1634.6666666666667
1616.9333333333334
1582.0666666666666
1545.8
1495.8666666666666
1460.1333333333334
1432.6
1432.4666666666667
1431.9333333333334
1465.8666666666666
1476.4
1491.6
1519.0666666666666
1544.5333333333333
1574.7333333333333
1585.1333333333334
1618.1333333333334
1624.4666666666667
1644.7333333333333
1634.1333333333334
1631.4666666666667
1590.0666666666666
1551.8
1511.0666666666666
1456.6
1430.0666666666666
1406.6
1391.5333333333333
1381.8666666666666
1379.2666666666667
1376.9333333333334
1396.3333333333333
1405.9333333333334
1396.9333333333334
1398.6666666666667
1405.9333333333334
1415.8
1424.4666666666667
1426.8
1423.6666666666667
1417.5333333333333
1422.0666666666666
1418.0666666666666
1416.9333333333334
1430.9333333333334
1441.4
1454.5333333333333
1476.4666666666667
1531.7333333333333
1526.5333333333333
1513.3333333333333
1506.7333333333333
1488.5333333333333
1485.8
1451.8
1433.8666666666666
1428.4
1408.9333333333334
1391.0
1379.3333333333333
1364.8666666666666
1341.8666666666666
1357.5333333333333
1360.7333333333333
1367.0
1392.0
1417.6666666666667
1426.1333333333334
1450.5333333333333
1499.9333333333334
1526.2
1548.7333333333333
1562.4666666666667
1565.4
1560.1333333333334
1556.8666666666666
1546.9333333333334
1513.8
1497.4
1468.4666666666667
1456.4
1439.6
1441.0666666666666
1452.8666666666666
1437.4666666666667
1439.2
1468.8
1483.6666666666667
1504.7333333333333
1514.9333333333334
1496.9333333333334
1496.6
1488.4
1488.4
1460.5333333333333
1425.8
1410.8666666666666
1375.8666666666666
1367.8
1364.9333333333334
1370.4666666666667
1386.1333333333334
1421.1333333333334
1445.9333333333334
1483.4
1519.4
1577.1333333333334
1624.8
1655.2666666666667
1685.1333333333334
1697.6666666666667
1707.0666666666666
1692.5333333333333
1654.9333333333334
1607.8666666666666
1553.8
1511.2
1455.2666666666667
1407.3333333333333
1361.8666666666666
1347.1333333333334
1348.8666666666666
1357.2666666666667
1389.8666666666666
1426.6
1471.2666666666667
1510.9333333333334
1558.8
1595.4
1632.1333333333334
1687.0666666666666
1723.0666666666666
1748.6666666666667
1736.9333333333334
1717.2666666666667
1692.3333333333333
1636.5333333333333
1562.6666666666667
1521.3333333333333
1473.6666666666667
1433.9333333333334
1415.2
1412.6
1413.1333333333334
1437.9333333333334
1458.4666666666667
1479.6666666666667
1503.9333333333334
1514.3333333333333
1545.7333333333333
1559.6666666666667
1562.0666666666666
1583.6666666666667
1577.4
1563.6666666666667
1556.0
1530.2666666666667
1503.6
1464.8666666666666
1450.3333333333333
1414.4666666666667
1403.3333333333333
1403.2666666666667
1374.2
1412.7333333333333
1426.4666666666667
1449.1333333333334
1479.2
1495.3333333333333
1504.1333333333334
1517.4
1541.5333333333333
1525.9333333333334
1524.4666666666667
1523.6
1514.4
1493.4
1498.3333333333333
1477.1333333333334
1480.9333333333334
1479.9333333333334
1477.8666666666666
1488.0
1496.6666666666667
1499.4666666666667
1517.7333333333333
1533.8666666666666
1570.4
1608.6
1635.2
1688.2666666666667
1701.8
1722.0
1719.5333333333333
1717.1333333333334
1691.4
1682.9333333333334
1647.8666666666666
1620.4666666666667
1593.1333333333334
1572.3333333333333
1546.4666666666667
1538.8
1517.4666666666667
1508.0666666666666
1476.5333333333333
1469.1333333333334
1462.0
1483.8
1512.0
1538.0
1570.2666666666667
1607.4666666666667
1634.1333333333334
1664.5333333333333
1667.2
1675.8666666666666
1671.4666666666667
1669.8
1655.4666666666667
1623.6666666666667
1534.9333333333334
1530.4
1500.3333333333333
1499.6666666666667
1477.8
1463.2666666666667
1445.7333333333333
1450.4
1437.7333333333333
1435.4666666666667
1446.0666666666666
1462.6666666666667
1475.2
1489.7333333333333
1519.6
1529.7333333333333
1532.2
1526.4666666666667
1524.6666666666667
1506.4
1501.8
1496.8666666666666
1497.3333333333333
1509.7333333333333
1527.7333333333333
1560.4666666666667
1577.0
1594.1333333333334
1606.8666666666666
1628.2666666666667
1647.2
1654.9333333333334
1664.3333333333333
1667.9333333333334
1666.8
1680.0
1681.6
1676.4666666666667
1679.0
1660.2
1638.0
1618.6
1605.9333333333334
1583.8666666666666
1563.9333333333334
1578.2666666666667
1567.9333333333334
1578.8666666666666
1590.7333333333333
1597.0666666666666
1609.3333333333333
1630.4666666666667
1638.2
1672.4
1700.4
1720.3333333333333
1737.7333333333333
1725.0
1727.2666666666667
1702.5333333333333
1673.6
1626.1333333333334
1602.6
1569.8
1557.6
1537.0
1509.4666666666667
1492.0666666666666
1475.3333333333333
1459.4
1452.3333333333333
1443.1333333333334
1447.8
1441.3333333333333
1451.3333333333333
1462.9333333333334
1480.5333333333333
1470.7333333333333
1486.4
1477.4
1474.1333333333334
1464.0666666666666
1443.9333333333334
1447.4666666666667
1418.3333333333333
1422.2666666666667
1414.8666666666666
1415.8666666666666
1431.1333333333334
1420.2666666666667
1436.4
