2186
2129
2016
1872
1875
1800
1749
1652
1617
1628
1602
1643
1775
1849
1928
2052
2224
2337
2317
2254
2095
1988
1826
1674
1608
1561
1487
1470
1402
1355
1258
1226
1244
1197
1257
1364
1421
1381
1349
1228
1144
1056
921
849
696
778
734
790
758
811
831
917
1021
1049
1426
1634
1674
1969
2132
2151
2074
1969
1787
1745
1760
1693
1641
1572
1498
1465
1436
1426
1436
1480
1527
1821
1922
2127
2177
2189
2163
2020
1943
1806
1753
1641
1601
1508
1475
1383
1354
1300
1171
1264
1379
1337
1453
1446
1455
1358
1325
1268
1165
1087
1065
908
899
893
799
875
914
922
1000
1072
1117
1343
1570
1797
1942
2077
2084
2122
2191
2040
2084
2013
1964
1840
1851
1638
1746
1685
1675
1656
1667
1724
1890
2015
2152
2302
2299
2388
2310
2303
2221
2108
1924
1885
1747
1720
1692
1556
1567
1524
1492
1500
1459
1549
1597
1583
1600
1600
1497
1416
1293
1211
1034
1061
1000
993
946
927
947
969
1029
1125
1191
1339
1561
1761
1888
2124
2107
2238
2251
2144
2112
2019
1960
1796
1791
1723
1644
1605
1576
1538
1634
1629
1830
1966
2034
2116
2283
2286
2193
2147
2036
1929
1868
1716
1564
1536
1498
1427
1342
1227
1289
1284
1293
1381
1406
1405
1391
1356
1224
1171
1066
926
864
816
745
730
638
609
696
757
837
940
1074
1223
1313
1601
1741
1884
1930
1995
1968
1957
1869
1789
1728
1614
1542
1514
1474
1446
1337
1394
1536
1626
1681
1895
2037
2115
2177
2053
1986
1920
1851
1789
1708
1636
1583
1478
1421
1279
1290
1258
1279
1317
1284
1397
1443
1433
1311
1305
1204
1085
998
985
881
808
696
685
711
707
636
803
878
1029
1131
1378
1432
1737
1880
2002
2024
2006
1923
1857
1762
1560
1570
1484
1398
1418
1303
1288
1338
1395
1475
1599
1780
1820
2065
2096
2132
2128
2052
1856
1770
1597
1580
1541
1482
1396
1268
1241
1183
1145
1172
1211
1205
1207
1344
1325
1280
1190
1078
992
903
811
723
646
539
638
643
666
685
822
901
1068
1226
1481
1696
1875
1990
2078
2048
2066
2026
1930
1850
1810
1612
1582
1637
1538
1484
1529
1470
1560
1710
1851
1963
2153
2253
2324
2304
2277
2171
2029
1613
1926
2064
1990
2112
2088
1981
1859
1808
1703
1598
1514
1532
1503
1479
1439
1523
1622
1656
1940
2125
2275
2290
2309
2289
2214
2039
1954
1854
1733
1652
1629
1520
1453
1366
1385
1401
1455
1488
1530
1566
1556
1504
1446
1355
1200
1153
1109
1003
899
790
848
898
815
924
970
1105
1230
1440
1632
1823
2041
2152
2246
2278
2303
2139
2115
2026
1926
1803
1733
1705
1674
1657
1576
1522
1679
1774
1873
2019
2182
2291
2289
2339
2173
2229
2089
1932
1869
1720
1704
1625
1522
1492
1420
1353
1331
1430
1478
1504
1556
1491
1564
1406
1414
1243
1164
1083
952
862
773
849
845
862
928
977
1019
1167
1250
1544
1753
1996
2139
2134
2140
1981
1911
1925
1775
1734
1690
1643
1581
1454
1497
1479
1512
1607
1721
1846
1976
2092
2261
2290
2208
2121
1966
2051
1820
1595
1390
1520
1380
1417
1327
1161
1359
1313
1335
1421
1373
1380
1494
1347
1278
1174
984
957
854
620
769
733
671
711
735
812
876
1000
1165
1264
1521
1739
1940
2082
2133
2139
2092
1998
1860
1738
1679
1556
1506
1542
1453
1395
1454
1479
1563
1701
1815
1981
2026
2198
2197
2234
2149
2044
1807
1781
1727
1669
1542
1497
1408
1345
1319
1280
1360
1370
1484
1508
1523
1522
1412
1293
1175
1114
1003
889
778
719
704
722
739
744
829
841
993
1115
1357
1510
1681
1951
2060
2191
2189
2050
2025
1954
1821
1796
1700
1640
1552
1532
1479
1457
1477
1515
1595
1721
1913
2000
2176
2245
2251
2213
2082
1938
1742
1720
1597
1550
1462
1420
1339
1296
1229
1222
1288
1330
1405
1439
1364
1465
1328
1267
1176
1049
979
897
758
754
725
689
732
766
800
843
1011
1173
1446
1708
1884
2104
2139
2207
2140
2041
2024
1925
1741
1682
1661
1577
1531
1485
1437
1456
1417
1606
1702
1740
2008
2147
2202
2249
2206
2086
2000
1930
1805
1722
1642
1570
1504
1444
1376
1324
1298
1308
1374
1437
1382
1421
1377
1386
1327
1203
1066
978
846
653
751
706
689
696
663
761
811
923
1028
1274
1489
1752
1939
2027
2116
2026
2067
1934
1853
1731
1585
1593
1451
1426
1439
1392
1297
1344
1425
1632
1807
1920
2027
2113
2137
2034
1985
1849
1715
1658
1538
1476
1388
1352
1241
1176
1128
1091
1074
1189
1229
1241
1323
1323
1244
1111
1056
899
799
709
632
610
625
571
625
673
729
747
857
1002
1194
1373
1597
1774
1922
1914
1991
1959
1922
1826
1757
1672
1586
1554
1476
1436
1393
1376
1350
1399
1502
1695
1870
2034
2118
2168
2192
2178
2048
1870
1871
1769
1674
1628
1562
1506
1405
1311
1297
1273
1273
1320
1390
1418
1465
1477
1412
1305
1248
1140
1010
901
847
806
770
720
805
807
849
905
971
1161
1342
1504
1757
1928
2045
2114
2113
2060
1981
1879
1818
1729
1698
1639
1575
1511
1435
1460
1525
1588
1714
1846
1986
2122
2201
2216
2244
2175
2100
1983
1912
1796
1643
1639
1617
1545
1454
1403
1385
1434
1449
1541
1520
1620
1620
1605
1521
1432
1333
1231
1169
1101
1051
1020
969
1041
1103
1154
1156
1291
1429
1631
1809
2034
2219
2345
2427
2477
2452
2400
2310
2215
2183
2098
2070
2017
1990
1917
1828
1924
1990
2116
2191
2365
2512
2507
2525
2511
2493
2427
2342
2333
2200
2203
2121
2090
1998
1885
1891
1842
1811
1803
1804
1846
1874
1824
1833
1779
1694
1513
1475
1362
1242
1147
997
1019
976
945
899
897
879
