1461
1278
1152
1087
1056
1141
1283
1419
1569
1694
1884
1964
2037
2063
2039
2019
1977
1882
1835
1731
1583
1505
1435
1361
1291
1233
1217
1219
1241
1202
1234
1221
1168
1140
1041
985
882
812
742
705
737
811
972
1106
1387
1618
1777
1906
2042
2116
2174
2192
2194
2135
2071
1964
1836
1675
1480
1268
1108
1053
1044
1078
1108
1297
1453
1585
1759
1896
1959
2027
2043
1992
1987
1924
1841
1745
1596
1581
1460
1350
1276
1192
1149
1122
1142
1106
1152
1096
1113
1067
1009
927
815
800
685
634
645
700
841
1021
1206
1403
1637
1822
2000
2086
2168
2216
2206
2173
2104
2024
1910
1730
1554
1362
1234
1093
1032
1058
1148
1305
1442
1581
1716
1875
1977
1980
2076
2071
2034
1973
1933
1848
1726
1627
1510
1411
1290
1292
1176
1253
1249
1263
1274
1275
1229
1199
1168
1106
954
919
844
770
742
754
805
926
1118
1344
1564
1761
1975
2113
2203
2224
2296
2210
2212
2170
2026
1928
1791
1601
1389
1237
1132
1065
1115
1194
1286
1460
1633
1771
1936
2035
2087
2098
2115
2077
2018
1941
1838
1727
1593
1527
1421
1316
1296
1224
1242
1256
1248
1270
1258
1230
1163
1106
1020
945
833
757
709
700
767
888
1025
1257
1474
1703
1916
2045
2186
2262
2284
2291
2269
2225
2133
1980
1842
1660
1419
1275
1176
1131
1140
1186
1340
1492
1684
1815
1993
2044
2112
2118
2137
2108
2028
1958
1876
1798
1678
1595
1491
1383
1328
1303
1296
1301
1297
1302
1305
1244
1202
1163
1080
990
907
782
744
744
770
894
1060
1183
1439
1679
1916
2054
2196
2301
2320
2330
2314
2289
2196
2010
1895
1723
1574
1425
1261
1160
1142
1135
1307
1432
1560
1740
1915
2023
2099
2150
2153
2076
2108
2051
1997
1890
1811
1684
1611
1520
1452
1428
1374
1387
1362
1404
1427
1356
1285
1266
1190
1105
994
866
808
756
789
841
941
1157
1397
1625
1897
2108
2174
2354
2427
2457
2377
2405
2358
2227
2064
1918
1678
1491
1362
1243
1167
1227
1323
1423
1609
1722
1960
2078
2155
2148
2186
2155
2112
2046
1952
1853
1696
1635
1543
1406
1362
1325
1306
1323
1315
1347
1324
1322
1185
1150
1041
928
779
683
636
564
600
731
890
1030
1349
1542
1719
1924
2068
2202
2269
2285
2277
2214
2157
1979
1871
1647
1453
1185
1068
981
953
997
1040
1253
1432
1590
1731
1835
1866
1965
1944
1912
1895
1745
1709
1678
1591
1455
1417
1316
1263
1211
1196
1210
1239
1243
1247
1234
1206
1104
968
912
812
682
617
535
625
734
896
1084
1318
1538
1782
1988
2143
2219
2278
2312
2306
2210
2142
2062
1876
1683
1521
1358
1170
1053
998
1049
1177
1356
1494
1678
1860
2008
2050
2100
2048
1989
1940
1854
1831
1741
1638
1541
1409
1308
1268
1212
1273
1345
1352
1359
1314
1266
1134
1098
964
981
819
739
722
807
900
1128
1316
1486
1675
1843
1976
2062
2129
2156
2151
2163
2095
2030
1928
1756
1637
1481
1418
1400
1376
1418
1578
1739
1870
1998
2111
2155
2176
2156
2100
1988
1909
1753
1657
1560
1497
1378
1302
1268
1189
1214
1225
1256
1294
1320
1371
1332
1250
1161
1152
1013
877
734
714
751
825
941
1156
1369
1591
1767
1963
2064
2140
2138
2176
2141
2168
2074
1980
1812
1652
1529
1418
1332
1271
1372
1465
1638
1817
1978
2056
2172
2178
2197
2168
2049
1966
1753
1722
1529
1380
1300
1209
1166
1098
1161
1169
1226
1292
1299
1368
1349
1301
1171
1122
991
873
767
682
715
748
852
1058
1311
1557
1760
1950
2069
2140
2191
2260
2238
2181
2122
2013
1882
1703
1576
1421
1259
1256
1318
1400
1541
1736
1876
2075
2183
2253
2252
2231
2141
1982
1904
1800
1665
1442
1406
1266
1173
1123
1099
1114
1106
1203
1292
1245
1320
1304
1259
1161
982
894
777
685
610
684
751
936
1080
1387
1635
1836
2000
2091
2195
2250
2226
2263
2208
2139
1966
1826
1613
1471
1327
1233
1142
1277
1433
1537
1690
1961
2073
2202
2297
2269
2216
2141
2024
1871
1695
1551
1411
1252
1174
1140
1083
1063
1079
1129
1239
1288
1305
1341
1329
1239
1142
1025
866
738
629
678
721
808
1036
1213
1484
1712
1871
2025
2145
2233
2281
2223
2208
2129
2059
1882
1600
1468
1201
1202
1132
1212
1329
1478
1676
1809
2055
2234
2238
2295
2244
2162
2035
1915
1740
1606
1412
1290
1233
1140
1072
1057
1039
1127
1209
1282
1318
1337
1318
1295
1218
1076
926
830
744
659
660
694
907
1103
1331
1531
1696
1898
2050
2076
2243
2278
2235
2260
2174
2039
1857
1653
1471
1256
1167
1143
1166
1212
1397
1515
1795
1960
2019
2176
2160
2254
2180
2109
1991
1819
1705
1538
1356
1241
1122
1091
989
1075
1136
1208
1266
1329
1391
1290
1284
1146
1084
966
844
770
713
734
817
944
1161
1277
1545
1751
1909
2054
2149
2243
2246
2289
2248
2160
1991
1785
1626
1390
1241
1150
1139
1155
1207
1411
1580
1771
1983
2094
2178
2223
2211
2149
1991
1920
1764
1643
1538
1386
1264
1159
1114
1129
1101
1138
1230
1300
1372
1414
1384
1343
1199
1144
999
834
754
692
726
820
956
1125
1314
1567
1730
1939
2038
2138
2231
2278
2270
2186
2107
2036
1841
1566
1469
1326
1177
1132
1175
1277
1354
1622
1791
1907
1969
2130
2142
2161
2142
2012
1976
1856
1721
1604
1468
1305
1235
1132
1105
1067
1181
1244
1309
1354
1392
1391
1354
1298
1185
1044
911
776
740
751
821
894
1061
1257
1526
1709
1918
1982
2144
2224
2285
2298
2336
2164
2090
1879
1761
1526
1423
1279
1241
1162
1328
1454
1602
1762
1950
1997
2178
2211
2200
2119
2078
2002
1852
1734
1573
1466
1302
1242
1192
