948
871
826
795
747
752
790
863
970
1150
1336
1559
1792
2011
2172
2266
2311
2317
2301
2270
2192
2127
2040
1935
1806
1746
1626
1515
1387
1355
1312
1345
1338
1412
1498
1578
1702
1813
1896
1994
2113
2152
2243
2276
2278
2249
2167
2089
2008
1939
1873
1816
1840
1857
1884
1877
1936
1954
1978
1943
2038
2067
2077
2107
2107
2081
2026
1954
1857
1771
1641
1554
1477
1401
1332
1294
1277
1295
1361
1531
1708
1888
2069
2220
2284
2372
2351
2339
2274
2158
2132
2035
1912
1781
1653
1505
1394
1248
1158
1102
1017
1064
1089
1171
1234
1335
1422
1524
1640
1710
1770
1744
1760
1738
1681
1582
1462
1354
1238
1157
1086
1029
1025
1017
982
996
1025
989
1031
1042
1051
1052
1020
979
938
877
807
716
634
565
552
538
553
567
569
607
700
822
981
1190
1410
1564
1753
1882
1970
2028
2035
2028
2004
1967
1919
1815
1747
1665
1530
1375
1327
1262
1179
1156
1149
1172
1230
1307
1390
1470
1567
1640
1723
1814
1873
1927
1957
1945
1943
1870
1785
1692
1590
1496
1461
1416
1416
1424
1434
1421
1398
1372
1368
1361
1331
1322
1333
1334
1271
1199
1130
1051
945
849
770
724
680
663
701
757
878
1044
1193
1420
1616
1770
1880
2012
2057
2111
2080
2060
1998
1946
1868
1771
1672
1502
1412
1284
1204
1143
1125
1101
1122
1189
1277
1343
1482
1573
1667
1792
1886
1942
2050
2028
2073
2046
2008
1926
1850
1718
1681
1619
1617
1612
1615
1584
1620
1613
1608
1617
1597
1615
1626
1595
1573
1505
1469
1363
1228
1158
1074
978
885
811
747
726
741
784
857
972
1206
1374
1578
1791
1924
2005
2042
2104
2085
2055
1995
1910
1822
1714
1587
1483
1333
1208
1146
1083
1058
1042
1078
1106
1234
1339
1458
1568
1657
1773
1871
1869
1983
2012
1989
1942
1862
1796
1712
1627
1517
1499
1487
1490
1500
1523
1524
1508
1518
1538
1554
1561
1594
1608
1611
1558
1506
1422
1345
1248
1173
1122
1054
1010
1002
1012
1094
1208
1346
1493
1726
1957
2181
2367
2532
2493
2516
2526
2514
2489
2394
2367
2289
2197
2102
1993
1908
1803
1702
1684
1644
1686
1724
1806
1871
1975
2063
2173
2273
2324
2388
2420
2449
2423
2379
2295
2185
2085
2016
1914
1870
1819
1790
1788
1770
1759
1762
1754
1522
1656
1667
1744
1694
1634
1579
1453
1398
1302
1262
1236
1216
1256
1290
1313
1294
1306
1316
1321
1350
1350
1388
1356
1367
1314
1252
1150
1081
991
902
822
777
753
762
805
894
999
1156
1357
1546
1722
1886
2030
2092
2122
2191
2184
2154
2100
2029
1956
1888
1785
1648
1581
1479
1394
1367
1311
1360
1389
1452
1550
1609
1736
1833
1948
2014
2096
2161
2185
2179
2149
2085
2022
1957
1859
1771
1734
1697
1672
1698
1736
1752
1746
1758
1746
1753
1731
1764
1747
1736
1665
1625
1523
1426
1310
1207
1140
1074
1008
988
959
983
1050
1155
1273
1410
1614
1787
1952
2069
2168
2203
2219
2210
2178
2120
2026
1963
1880
1776
1709
1588
1493
1400
1381
1350
1346
1380
1436
1512
1582
1686
1781
1863
1961
2026
2076
2118
2144
2139
2108
2040
1948
1867
1766
1740
1698
1676
1696
1673
1730
1697
1733
1730
1713
1757
1752
1741
1750
1732
1698
1623
1545
1421
1338
1244
1145
1136
1076
1054
1053
1108
1199
1317
1478
1598
1751
1896
2029
2132
2178
2188
2176
2160
2092
2022
1934
1840
1684
1617
1484
1368
1302
1228
1170
1140
1144
1175
1244
1293
1369
1453
1541
1605
1690
1744
1752
1776
1758
1707
1616
1493
1416
1326
1286
1210
1214
1200
1202
1229
1189
1240
1265
1255
1245
1264
1276
1276
1267
1217
1178
1107
1027
914
794
752
682
655
629
642
694
771
897
1082
1272
1459
1603
1745
1862
1945
1983
2004
1975
1925
1881
1812
1746
1657
1528
1435
1341
1278
1228
1188
1173
1208
1258
1334
1414
1482
1574
1670
1723
1845
1902
1947
1957
1929
1881
1823
1717
1662
1616
1537
1466
1476
1500
1509
1529
1522
1555
1562
1558
1571
1582
1576
1549
1504
1450
1383
1288
1226
1146
1043
1012
958
938
934
955
1009
1097
1244
1424
1588
1769
1938
2043
2127
2166
2190
2173
2127
2039
1984
1954
1873
1774
1654
1564
1470
1381
1327
1296
1279
1307
1350
1414
1496
1579
1634
1696
1785
1844
1891
1926
1918
1876
1789
1770
1692
1594
1516
1455
1425
1413
1405
1426
1438
1438
1452
1466
1474
1463
1475
1476
1465
1439
1395
1338
1257
1194
1106
1059
990
957
932
905
935
976
1058
1114
1293
1483
1685
1889
2053
2189
2263
2318
2337
2334
2316
2255
2228
2159
2095
2034
1936
1850
1754
1670
1613
1556
1573
1569
1608
1688
1741
1825
1930
1980
2084
2111
2143
2145
2152
2099
2041
1965
1838
1771
1667
1588
1487
1444
1403
1399
1384
1384
1368
1340
1346
1320
1293
1277
1252
1204
1144
1066
969
857
774
639
591
549
542
564
554
553
599
675
782
893
1056
1219
1361
1489
1582
1626
1651
1652
1604
1601
1561
1501
1414
1364
1325
1229
1184
1078
1057
1042
1017
1081
1111
1143
1235
1322
1412
1472
1554
1616
1682
1734
1753
1746
1722
1650
1601
1549
1460
1438
1412
1409
1436
1461
1488
1517
1504
1556
1596
1640
1652
1694
1731
1749
1742
1721
1676
1645
1576
1525
1500
1468
1438
1429
1443
1467
1532
1648
1779
1909
2063
2187
2301
2381
2418
2399
2417
2365
2310
2241
2116
2057
1965
1808
1737
1650
1529
1473
1405
1369
1345
1379
1433
1487
1555
1632
1723
1766
1842
1889
1903
1892
1863
1797
1752
1685
1613
1531
1489
1456
1380
1418
1421
1417
1449
1472
1483
1499
1495
1530
1536
1541
1523
1506
1459
1416
1339
1277
1196
1155
1112
1074
1069
1073
1131
1198
1321
1456
