1368
1453
1466
1509
1530
1485
1414
1347
1232
1082
1007
895
847
805
828
898
985
1140
1343
1547
1749
1952
2086
2138
2249
2293
2298
2283
2203
2111
2005
1882
1733
1584
1453
1349
1285
1280
1306
1323
1405
1514
1667
1779
1921
2054
2128
2178
2204
2203
2161
2031
1870
1701
1566
1452
1300
1234
1173
1113
1118
1119
1159
1182
1219
1294
1346
1423
1425
1470
1421
1402
1336
1243
1120
952
878
802
736
743
797
893
1042
1230
1427
1626
1769
1908
2051
2152
2223
2255
2262
2197
2114
2016
1885
1729
1577
1408
1346
1675
1925
2064
2224
2322
2326
2282
2148
1979
1791
1539
1388
1263
1119
1035
985
957
1002
1061
1123
1181
1248
1326
1353
1416
1433
1409
1322
1290
1180
1041
890
784
652
581
587
631
750
902
1139
1373
1684
1850
2044
2232
2336
2394
2392
2370
2294
2189
2052
1925
1726
1498
1363
1265
1182
1162
1184
1225
1358
1516
1708
1866
1990
2133
2254
2291
2354
2330
2232
2075
1867
1709
1556
1353
1208
1105
1037
1009
1019
1044
1077
1133
1206
1307
1381
1451
1452
1485
1457
1379
1258
1129
982
855
723
658
613
603
686
800
992
1233
1438
1705
1911
2114
2274
2364
2422
2425
2383
2285
2186
2043
1876
1672
1498
1358
1236
1172
1161
1208
1278
1362
1568
1762
1933
2057
2232
2367
2427
2386
2337
2210
2079
1928
1716
1541
1333
1154
1038
974
932
917
980
1023
1110
1204
1301
1387
1408
1420
1459
1448
1356
1257
1136
968
815
710
625
588
660
793
966
1185
1412
1722
1982
2193
2335
2464
2498
2454
2466
2436
2288
2138
1918
1795
1581
1445
1340
1244
1163
1213
1310
1449
1599
1752
1881
2050
2212
2318
2422
2456
2424
2362
2268
2097
1894
1671
1448
1288
1132
1049
1023
1040
1019
1105
1220
1272
1296
1383
1450
1494
1540
1508
1460
1341
1221
1087
961
836
757
665
657
729
815
991
1192
1455
1742
2004
2211
2340
2449
2493
2531
2438
2383
2260
2124
1970
1782
1631
1487
1346
1235
1234
1253
1349
1472
1624
1789
1962
2128
2261
2370
2420
2404
2367
2270
2127
1967
1771
1551
1347
1204
1101
1010
1008
1020
1050
1121
1172
1235
1291
1368
1425
1454
1470
1422
1361
1270
1145
995
857
731
639
577
590
670
761
927
1149
1385
1631
1857
2050
2179
2264
2304
2331
2275
2232
2108
1955
1791
1587
1444
1280
1152
1058
1068
1094
1164
1272
1468
1660
1823
1998
2155
2289
2314
2278
2254
2197
2023
1840
1647
1420
1237
1078
969
891
889
925
984
1038
1113
1211
1304
1345
1437
1461
1460
1409
1337
1232
1101
915
784
680
584
552
590
665
821
1020
1226
1499
1773
1996
2154
2336
2417
2481
2470
2435
2326
2186
2067
1878
1700
1495
1361
1240
1176
1179
1220
1331
1475
1611
1835
1984
2142
2243
2353
2380
2352
2312
2201
2002
1819
1659
1455
1234
1114
1030
989
993
1021
1070
1137
1193
1288
1357
1448
1481
1504
1486
1429
1325
1181
1011
864
731
661
613
574
626
722
897
1066
1339
1605
1809
2035
2212
2381
2414
2480
2459
2411
2321
2168
2010
1831
1652
1476
1327
1270
1216
1256
1338
1457
1621
1790
1959
2120
2262
2402
2472
2504
2491
2382
2253
2090
1910
1694
1489
1320
1212
1115
1080
1091
1097
1166
1224
1297
1387
1442
1510
1539
1558
1519
1446
1334
1172
998
889
779
628
577
557
593
695
821
1041
1240
1505
1758
1965
2147
2248
2329
2322
2317
2247
2090
1985
1805
1652
1397
1309
1195
1096
1030
1038
1123
1257
1408
1571
1729
1869
2015
2125
2198
2210
2195
2098
2027
1835
1614
1417
1168
1042
924
869
849
869
923
985
1053
1132
1207
1278
1311
1373
1387
1354
1275
1168
1040
929
793
653
578
542
552
601
718
829
987
1256
1498
1752
1959
2133
2228
2281
2267
2280
2230
2092
1986
1826
1658
1533
1371
1232
1142
1117
1115
1210
1320
1428
1585
1737
1883
1997
2112
2180
2194
2206
2125
2001
1817
1660
1435
1251
1128
1007
950
922
944
982
1052
1133
1187
1262
1323
1365
1406
1415
1361
1273
1227
1088
962
839
744
686
614
646
702
827
976
1194
1437
1698
1929
2104
2201
2349
2422
2384
2399
2315
2193
2043
1930
1733
1591
1437
1307
1240
1236
1242
1324
1447
1562
1713
1885
2003
2150
2240
2283
2269
2263
2209
2073
1834
1706
1531
1360
1206
1099
1022
1030
1038
1089
1148
1184
1274
1362
1413
1444
1474
1447
1413
1339
1231
1099
982
842
750
704
684
691
745
902
1060
1294
1562
1767
1903
2132
2303
2384
2425
2408
2383
2313
2235
2089
1906
1781
1603
1455
1346
1293
1272
1296
1372
1490
1606
1771
1917
2023
2164
2226
2275
2342
2316
2241
2125
1983
1842
1648
1472
1318
1192
1132
1069
1102
1132
1193
1244
1305
1372
1426
1472
1498
1494
1500
1422
1347
1244
1101
950
862
794
717
697
705
835
988
1214
1413
1589
1831
2024
2157
2322
2346
2398
2404
2376
2277
2166
2023
1857
1678
1515
1416
1344
1272
1250
1327
1435
1573
1712
1864
1975
2105
2202
2287
2390
2399
2362
2266
2149
1977
1790
1608
1425
1281
1221
1166
1174
1225
1248
1321
1381
1455
1510
1553
1608
1592
1618
1513
1454
1340
1196
1080
993
880
822
808
873
976
1112
1278
1514
1769
1998
2173
2358
2461
2513
2493
2507
2438
2275
2168
2026
1839
1706
1583
1442
1368
1325
1300
1408
1518
1637
1753
1903
2037
2128
2233
2278
2275
2260
2174
2041
1871
1681
1457
1285
1133
1038
976
937
952
974
1027
1093
1158
1206
1263
1329
1357
1341
1295
1229
1121
1016
891
765
659
583
547
595
666
762
899
1139
1387
1636
1840
2010
2133
2204
2259
2228
2209
2131
1983
1870
1711
1583
1425
1255
