1080
1105
1108
1257
1413
1605
1734
1928
2080
2253
2329
2399
2435
2408
2380
2303
2236
2132
1978
1835
1661
1595
1518
1478
1417
1423
1485
1515
1692
1774
1855
1974
2044
2120
2081
2208
2159
2074
2042
1938
1762
1570
1528
1375
1355
1330
1289
1281
1320
1327
1349
1362
1405
1443
1452
1431
1461
1413
1377
1307
1268
1296
1223
1189
1187
1215
1213
1197
1354
1439
1612
1733
1972
2154
2317
2325
2444
2451
2439
2328
2315
2227
2096
1961
1805
1718
1599
1508
1370
1362
1364
1264
1358
1546
1617
1717
1795
1921
1992
2033
2104
2077
2082
2025
1789
1782
1608
1492
1306
1267
1211
1128
1110
1091
1108
1140
1175
1134
1160
1224
1253
1178
1240
1212
1215
1062
1103
1042
932
959
975
947
953
984
1088
1150
1274
1450
1556
1806
1971
2092
2198
2257
2274
2259
2209
2135
2018
1886
1712
1671
1531
1423
1309
1312
1282
1286
1269
1371
1476
1584
1703
1752
1842
1859
1968
2029
2029
2016
1937
1838
1632
1560
1449
1338
1145
1171
1155
1112
1114
1145
1167
1215
1222
1201
1321
1289
1276
1273
1239
1254
1173
1104
1075
1030
1044
963
1016
1032
1118
1224
1295
1446
1609
1833
2012
2141
2274
2275
2418
2419
2303
2300
2224
2036
1928
1876
1764
1636
1511
1393
1391
1324
1344
1390
1451
1523
1642
1713
1825
1836
1987
2065
2064
2077
2048
1939
1849
1719
1550
1441
1331
1225
1149
1066
1067
1091
1069
1117
1133
1147
1192
1159
1181
1175
1243
1208
1187
1127
1079
1005
998
966
938
1000
932
1007
1113
1229
1290
1547
1710
1879
2050
2181
2342
2353
2368
2260
2289
2174
2131
1886
1846
1721
1583
1478
1376
1304
1224
1256
1289
1323
1442
1557
1698
1804
1876
1918
1986
2032
2032
1969
1916
1825
1739
1563
1418
1300
1120
1140
969
1066
1047
1042
1078
1067
1128
1071
1199
1202
1095
1166
1178
1103
1018
1048
972
941
934
875
916
937
1005
1099
1209
1351
1553
1791
1964
2133
2304
2346
2404
2455
2387
2322
2281
2140
1989
1887
1771
1687
1550
1487
1411
1455
1456
1536
1596
1742
1848
1982
1969
2213
2308
2320
2418
2399
2329
2270
2152
2016
1868
1744
1625
1522
1413
1346
1341
1298
1300
1316
1306
1323
1373
1332
1207
1289
1242
1080
1074
930
874
780
685
655
581
620
651
680
709
889
1066
1220
1441
1580
1774
1874
1964
1950
2019
1992
1900
1849
1781
1501
1469
1428
1250
1133
1107
1060
1072
1053
1196
1302
1412
1569
1625
1792
1914
1950
2106
2173
2213
2152
2068
1930
1943
1774
1682
1554
1426
1337
1330
1277
1284
1274
1285
1325
1316
1336
1337
1362
1340
1357
1207
1208
1131
1062
997
965
882
765
803
826
820
893
997
1073
1253
1433
1593
1771
1930
2016
2067
2088
2065
2016
1916
1820
1568
1516
1403
1265
1121
990
887
833
810
864
907
949
1067
1125
1287
1434
1507
1602
1707
1667
1680
1661
1591
1467
1336
1216
1157
1037
957
927
848
846
876
929
892
973
1025
1107
1134
1196
1239
1231
1230
1223
1183
1165
1130
1112
1063
1125
1104
1123
1206
1287
1426
1581
1704
1996
2201
2393
2507
2528
2468
2502
2456
2427
2411
2361
2252
2146
2039
1946
1872
1784
1745
1716
1728
1749
1746
1879
1937
2026
2035
2130
2171
2205
2217
2192
2120
2091
2005
1885
1758
1636
1465
1428
1366
1315
1282
1253
1273
1269
1277
1262
1326
1324
1334
1351
1338
1336
1249
1256
1224
1157
1080
1123
1113
1078
1114
1100
1172
1230
1314
1385
1544
1697
1881
1969
2114
2202
2206
2227
2205
2127
2070
2008
1897
1778
1762
1644
1502
1516
1466
1444
1492
1531
1494
1610
1721
1806
1897
1984
2062
2039
2100
2111
2081
1971
1901
1728
1696
1619
1549
1446
1384
1358
1342
1389
1369
1316
1399
1421
1438
1473
1488
1456
1424
1354
1309
1324
1278
1268
1223
1202
1112
1165
1136
1232
1298
1329
1558
1703
1758
1925
2002
2144
2262
2268
2271
2232
2154
2085
1975
1884
1785
1681
1581
1509
1469
1416
1424
1450
1459
1578
1689
1734
1821
1879
1977
1990
2095
2063
2034
1993
1915
1827
1718
1624
1485
1409
1340
1262
1315
1284
1304
1269
1361
1345
1380
1396
1406
1433
1390
1395
1290
1255
1208
1166
1146
1108
1094
1084
1070
1083
1129
1226
1280
1418
1511
1721
1865
1975
2040
2093
2099
2083
2051
1995
1891
1818
1688
1605
1502
1396
1334
1283
1193
1186
1162
1297
1340
1359
1462
1606
1684
1765
1838
1847
1795
1843
1808
1695
1641
1497
1402
1360
1269
1186
1117
1138
1168
1166
1202
1259
1266
1322
1328
1355
1363
1382
1337
1309
1238
1246
1234
1173
1143
1144
1019
1119
1153
1195
1264
1377
1506
1679
1798
1899
2001
2085
2090
2111
2038
1983
1873
1862
1748
1584
1446
1290
1196
1111
1056
1033
1041
1057
1147
1131
1301
1366
1476
1513
1616
1644
1667
1643
1604
1524
1456
1343
1249
1139
1046
985
928
891
883
838
926
966
998
1019
1075
981
1081
1129
1119
1112
1068
1034
1024
979
940
963
944
961
955
988
1046
1166
1268
1420
1601
1790
1936
2067
2192
2169
2271
2280
2228
2188
2094
1937
1897
1808
1726
1636
1538
1459
1417
1437
1468
1538
1584
1694
1794
1882
1985
2004
2145
2176
2173
2159
2115
1012
1059
1057
1030
992
907
821
725
586
607
501
564
587
596
544
613
656
630
673
711
704
672
734
715
719
700
668
635
625
553
564
607
608
653
705
814
894
1013
1168
1326
1448
1553
1632
1717
1767
1759
1750
1715
1664
1608
1527
1440
1374
1300
1249
1225
1234
1203
1286
1317
1406
1465
1596
1683
1748
1794
1840
1855
1842
1849
1811
1752
1667
1564
1470
1424
1377
1330
1319
1329
1339
1373
1385
1432
1452
1472
1481
1471
1495
1402
1493
