2202
2244
2240
2194
2121
2010
1940
1860
1791
1705
1587
1483
1348
1266
1193
1182
1242
1343
1498
1659
1858
1995
2087
2097
2080
2012
1897
1802
1720
1637
1570
1468
1421
1342
1242
1159
1098
1102
1128
1198
1254
1330
1395
1383
1367
1298
1227
1137
1105
1026
983
927
863
773
702
655
643
702
844
1049
1359
1646
1926
2099
2244
2359
2403
2390
2349
2280
2211
2141
2085
2003
1907
1806
1678
1578
1470
1428
1426
1477
1610
1776
1954
2086
2204
2253
2244
2221
2141
2054
1947
1861
1838
1790
1720
1630
1515
1435
1346
1327
1316
1373
1434
1512
1566
1597
1540
1497
1437
1365
1310
1227
1173
1111
1056
981
899
835
782
771
865
1029
1257
1541
1766
1978
2200
2353
2449
2476
2445
2366
2316
2250
2153
2079
1991
1876
1765
1618
1520
1442
1350
1348
1384
1478
1632
1800
1928
2020
2092
2114
2077
1976
1867
1766
1656
1587
1527
1438
1361
1262
1147
1049
991
964
975
1025
1073
1145
1191
1172
1163
1086
1035
948
874
813
739
671
614
535
548
538
549
599
718
912
1118
1348
1597
1826
1971
2062
2099
2083
2049
1986
1903
1833
1746
1636
1539
1415
1314
1193
1113
1056
1062
1092
1195
1326
1474
1631
1737
1827
1824
1812
1725
1675
1620
1548
1505
1452
1411
1350
1246
1204
1157
1121
1155
1202
1289
1358
1450
1497
1501
1476
1427
1370
1315
1278
1234
1226
1181
1135
1065
985
941
959
1037
1165
1311
1562
1852
2112
2333
2488
2521
2523
2515
2499
2455
2382
2347
2304
2228
2182
2135
2027
1915
1819
1755
1724
1740
1781
1837
1968
2155
2288
2362
2428
2440
2377
2306
2196
2088
1982
1901
1861
1800
1722
1649
1555
1455
1358
1314
1350
1373
1450
1501
1553
1560
1523
1464
1403
1325
1264
1233
1196
1160
1104
1038
992
968
979
1080
1238
1417
1655
1893
2095
2218
2303
2340
2333
2285
2241
2204
2127
2051
1995
1922
1834
1730
1624
1556
1495
1482
1491
1554
1681
1826
2002
2123
2189
2205
2148
2049
1931
1795
1685
1600
1498
1425
1320
1230
1146
1054
983
979
1000
1014
1071
1121
1192
1204
1216
1155
1083
1023
956
884
829
760
694
631
585
567
572
669
775
992
1217
1441
1595
1713
1803
1862
1858
1834
1785
1740
1693
1635
1570
1486
1405
1295
1223
1156
1126
1115
1128
1225
1341
1480
1687
1854
1964
2014
2099
2106
2030
1944
1869
1806
1746
1695
1650
1573
1490
1438
1376
1328
1312
1348
1373
1456
1528
1573
1571
1530
1501
1428
1334
1237
1153
1090
1012
943
887
829
798
819
907
1081
1276
1493
1643
1867
2030
2121
2152
2122
2129
2085
2054
1990
1915
1841
1749
1628
1511
1427
1329
1293
1281
1304
1384
1494
1646
1780
1873
2003
2050
2071
2000
1913
1813
1717
1651
1582
1512
1402
1297
1206
1101
1060
1021
1019
1063
1089
1187
1245
1266
1255
1220
1155
1073
993
921
867
809
752
698
621
561
541
581
705
870
1037
1289
1539
1718
1885
1974
2012
2014
1991
1961
1928
1874
1818
1752
1649
1557
1487
1368
1290
1226
1206
1227
1282
1385
1463
1675
1823
1934
2004
2038
2011
1914
1828
1746
1650
1558
1470
1393
1271
1182
1110
1040
992
974
1007
1064
1144
1194
1245
1280
1259
1226
1189
1129
1067
1030
988
956
908
858
818
799
853
934
1111
1345
1593
1866
2100
2282
2367
2444
2464
2461
2390
2389
2325
2267
2175
2105
2011
1877
1761
1670
1616
1592
1620
1696
1808
1941
2094
2234
2313
2340
2336
2289
2236
2149
2071
1995
1899
1803
1722
1640
1552
1482
1406
1398
1419
1491
1518
1560
1634
1651
1632
1573
1530
1441
1363
644
523
539
569
749
973
1213
1470
1722
1899
2003
2073
2099
2083
2065
2028
1994
1945
1867
1744
1631
1524
1408
1300
1247
1241
1299
1402
1516
1634
1784
1901
1982
1996
1979
1950
1904
1851
1781
1712
1598
1529
1434
1294
1230
1190
1139
1133
1157
1203
1271
1292
1315
1347
1349
1331
1279
1220
1161
1096
1051
995
957
856
805
713
666
664
705
825
988
1269
1514
1756
1943
2075
2150
2200
2216
2192
2193
2172
2105
2057
1993
1845
1746
1627
1494
1405
1351
1366
1427
1514
1604
1791
1968
2094
2152
2217
2224
2161
2095
2006
1964
1864
1791
1713
1620
1519
1463
1387
1342
1332
1365
1424
1485
1578
1626
1669
1626
1552
1513
1440
1386
1302
1273
1222
1124
1064
943
893
841
840
942
1125
1371
1628
1910
2063
2177
2244
2310
2321
2298
2275
2228
2215
2171
2086
1958
1845
1680
1561
1446
1377
1390
1428
1503
1655
1791
1952
2056
2125
2139
2134
2114
2053
2007
1932
1876
1808
1695
1587
1485
1374
1273
1239
1216
1240
1250
1275
1320
1337
1315
1315
1283
1202
1137
1056
953
896
784
698
586
542
518
530
553
614
740
922
1116
1305
1511
1657
1765
1807
1859
1851
1853
1856
1828
1792
1758
1669
1554
1460
1371
1315
1244
1232
1267
1332
1409
1583
1754
1821
1937
2016
2089
2064
2042
2028
2029
2009
1981
1981
1947
1867
1810
1774
1736
1726
1757
1791
1858
1901
1938
1967
1961
1916
1883
1835
1773
1718
1645
1574
1488
1416
1290
1216
1182
1190
1282
1400
1556
1742
1907
2055
2162
2199
2181
2159
2126
2068
1999
1921
1813
1695
1545
1398
1291
1139
1012
919
892
908
962
1085
1187
1353
1459
1566
1616
1598
1574
1568
1546
1492
1462
1426
1365
1277
1201
1154
1129
1080
1127
1160
1209
1242
1300
1333
1330
1312
1293
1290
1221
1179
1129
1088
1032
954
906
846
816
818
890
982
1147
1331
1555
1711
1847
1929
1961
1965
1942
1942
1934
1841
1783
1687
1609
1494
1384
1271
1179
1128
1111
1153
1256
1323
1467
1584
1686
1721
1725
1732
1690
1678
1638
1553
1558
1464
1373
