1188
1148
1115
1094
1061
1066
1026
992
941
880
843
833
881
977
1099
1299
1492
1648
1746
1870
1942
1942
1904
1893
1876
1855
1818
1782
1743
1677
1589
1481
1373
1304
1270
1253
1274
1354
1461
1578
1692
1739
1817
1834
1913
1958
1983
1992
1982
1965
1931
1838
1708
1566
1421
1295
1179
1122
1095
1056
1052
1012
1010
1002
979
943
939
874
808
837
883
971
1126
1244
1456
1650
1789
1901
1966
1988
1948
1919
1897
1860
1808
1768
1711
1641
1536
1447
1368
1284
1252
1290
1360
1455
1567
1654
1746
1813
1888
1929
1963
1978
1981
1969
1954
1899
1811
1673
1527
1365
1262
1200
1116
1065
1057
1037
1010
1020
979
988
953
904
854
782
756
793
866
972
1146
1382
1584
1684
1790
1828
1825
1788
1727
1717
1705
1659
1592
1576
1506
1399
1279
1210
1183
1198
1270
1334
1404
1545
1674
1791
1860
1929
1979
2008
2029
2049
2038
1986
1909
1778
1645
1537
1374
1279
1210
1141
1141
1138
1144
1121
1098
1075
1013
987
944
874
838
817
906
1034
1192
1369
1575
1731
1836
1904
1982
1979
1954
1932
1878
1875
1849
1784
1722
1618
1498
1397
1330
1303
1297
1366
1474
1587
1698
1796
1899
1928
1968
2020
2052
2092
2117
2138
2112
2048
1929
1807
1679
1558
1476
1434
1423
1422
1419
1411
1401
1387
1345
1312
1266
1245
1182
1156
1191
1261
1387
1552
1751
1884
2062
2188
2306
2330
2340
2314
2280
2278
2235
2177
2108
2036
1917
1779
1677
1597
1521
1476
1502
1559
1635
1721
1805
1864
1881
1968
2016
2038
2048
2056
2050
2038
1960
1837
1654
1474
1304
1180
1085
1008
945
927
885
868
841
818
791
766
731
681
606
571
602
705
815
954
1201
1444
1610
1700
1808
1819
1802
1756
1723
1684
1641
1573
1550
1483
1412
1294
1196
1122
1079
1085
1189
1279
1379
1510
1637
1731
1795
1833
1866
1905
1921
1937
1982
1969
1894
1771
1632
1504
1406
1301
1233
1192
1190
1193
1202
1188
1177
1170
1140
1093
1084
1029
1008
1030
1082
1191
1348
1542
1746
1912
2012
2119
2168
2174
2148
2108
2060
1994
1965
1913
1848
1705
1609
1487
1403
1349
1349
1361
1446
1546
1644
1754
1841
1918
1998
2045
2083
2068
2108
2110
2064
1978
1871
1754
1576
1435
1298
1197
1147
1087
1088
1075
1070
1051
1060
1009
1009
952
900
857
826
845
939
1099
1285
1538
1716
1856
1987
2062
2099
2072
2026
2000
1987
1957
1905
1875
1817
1730
1597
1456
1405
1348
1341
1406
1489
1605
1714
1817
1895
1953
2059
2121
2177
2219
2228
2204
2162
2070
1931
1762
1584
1466
1351
1259
1213
1169
1132
1073
1060
1060
1068
1056
1050
1020
944
889
884
919
1040
1133
1279
1540
1741
1911
2033
2114
2113
2052
1989
1955
1926
1867
1831
1779
1692
1606
1508
1410
1310
1239
1276
1327
1442
1551
1667
1769
1857
1922
1973
1991
2010
2019
2017
2019
1984
1892
1773
1583
1417
1283
1206
1108
1043
1020
1009
1006
1013
994
981
960
907
904
832
789
815
852
928
1068
1249
1490
1726
1862
1968
2027
2040
2028
1992
1961
1939
1892
1844
1786
1697
1621
1487
1369
1305
1235
1308
1348
1418
1545
1641
1743
1817
1828
1897
1993
2050
2087
2081
2124
2063
1970
1780
1680
1526
1396
1283
1213
1129
1121
1077
1034
1038
1019
1020
1006
972
933
857
817
820
863
980
1150
1392
1629
1823
1944
2086
2156
2154
2136
2066
2010
1966
1940
1874
1848
1744
1638
1498
1401
1336
1281
1277
1364
1472
1587
1718
1837
1923
1971
2030
2067
2104
2084
2114
2064
2013
1925
1759
1565
1441
1290
1182
1090
1056
1043
1022
1005
985
989
967
945
911
868
789
797
847
964
1141
1359
1526
1789
1946
2056
2111
2073
2029
2005
1988
1950
1899
1839
1770
1656
1528
1412
1341
1260
1200
1225
1320
1427
1542
1659
1757
1838
1886
1955
2001
2009
2043
2037
2032
1976
1884
1723
1532
1346
1187
1087
1038
998
990
990
974
976
944
938
879
846
792
743
734
801
905
996
1224
1448
1688
1875
2010
2080
2081
2096
2061
1989
1982
1933
1862
1797
1693
1589
1476
1348
1242
1240
1279
1346
1424
1549
1657
1765
1868
1942
2002
2081
2128
2166
2178
2154
2076
1968
1830
1627
1496
1357
1254
1171
1119
1084
1051
1032
1031
982
994
974
942
890
821
821
862
959
1089
1293
1565
1791
1969
2080
2163
2161
2106
2093
2051
2021
1960
1929
1900
1831
1701
1600
1492
1440
1409
1472
1558
1673
1834
1951
2063
2185
2245
2288
2315
2375
2382
2344
2360
2300
2187
2026
1807
1643
1464
1340
1251
1190
1166
1133
1118
1084
1037
1008
939
904
853
778
716
722
774
870
1036
1259
1492
1678
1775
1871
1879
1852
1813
1775
1722
1666
1615
1567
1490
1380
1242
1133
1011
991
1006
1067
1189
1307
1444
1547
1669
1729
1813
1882
1951
1990
1974
1985
1946
1862
1702
1546
1373
1196
1115
1043
1007
956
933
933
953
931
933
924
908
856
810
754
774
850
975
1194
1391
1629
1859
2035
2185
2253
2219
2160
2114
2076
2012
1951
1904
1819
1711
1567
1463
1378
1289
1253
1314
1393
1487
1656
1770
1885
1983
2049
2113
2134
2168
2177
2169
2136
2046
1924
1748
1546
1367
1246
1158
1059
1029
1016
1016
997
989
994
986
975
914
866
776
818
901
994
1144
1326
1609
1812
1977
2125
2173
2181
2106
2077
2038
1983
1926
1865
1783
1688
1577
1437
1344
1273
1256
1330
1444
1544
1695
1828
1930
1974
2037
2063
2062
2081
2066
2082
2045
1909
1755
1562
1374
1224
1088
1031
1019
984
1009
1007
987
972
953
931
878
812
761
784
844
960
1128
1323
1590
1830
1980
2081
2125
2115
2072
2020
1956
1898
