2235
2117
2126
1908
1830
1746
1679
1652
1580
1485
1468
1446
1488
1556
1676
1774
1814
1923
1990
1971
1966
1940
1853
1771
1730
1645
1566
1528
1338
1280
1330
1367
1411
1448
1508
1560
1545
1599
1573
1637
1588
1509
1321
1287
1253
1171
1108
1054
1021
907
900
964
1008
938
1111
1203
1279
1370
1442
1408
1657
1718
1926
2070
2228
2244
2429
2477
2446
2417
2378
2298
2217
2142
2125
2023
1962
1865
1797
1752
1736
1790
1857
1940
2040
2164
2255
2292
2306
2216
2178
2094
2099
2000
1886
1845
1748
1649
1519
1483
1431
1387
1412
1401
1394
1433
1425
1378
1374
1311
1183
1115
1004
830
769
680
600
607
566
590
615
616
626
677
728
827
894
947
1059
1156
1308
1429
1485
1665
1731
1769
1769
1739
1681
1612
1536
1417
1361
1335
1270
1147
1147
1083
1083
1131
1121
1238
1322
1386
1506
1503
1590
1554
1555
1570
1493
1443
1412
1342
1274
1198
1257
1190
1248
1263
1306
1359
1419
1440
1464
1522
1518
1488
1436
1321
1275
1281
1224
1200
1147
1096
1102
1066
1101
1112
1046
1104
1252
1311
1383
1370
1503
1600
1659
1816
1944
2068
2153
2207
2233
2296
2284
2226
2133
2105
2062
1960
1932
1774
1793
1714
1636
1579
1605
1668
1741
1764
1861
1924
1945
2024
1968
1994
1882
1894
1867
1790
1705
1600
1557
1489
1422
1405
1381
1395
1320
1431
1448
1472
1470
1450
1440
1386
1269
1259
1164
1097
1004
925
916
858
827
812
760
861
919
929
981
1067
1192
1272
1395
1473
1682
1804
1876
1983
2015
2100
2084
2034
1972
1929
1768
1797
1666
1637
1569
1490
1451
1445
1433
1479
1530
1600
1739
1804
1818
1894
1884
1917
1899
1852
1727
1734
1653
1546
1541
1544
1493
1459
1500
1525
1575
1629
1659
1654
1665
1673
1635
1566
1478
1414
1347
1223
1192
1166
1105
1062
1018
952
981
995
936
1036
1125
1174
1226
1246
1309
1382
1474
1507
1723
1844
1922
1870
1948
1990
1945
1897
1803
1758
1699
1643
1481
1421
1371
1318
1263
1250
1309
1354
1442
1550
1653
1764
1839
1875
1858
1852
1836
1764
1763
1711
1687
1613
1550
1536
1551
1466
1538
1566
1594
1647
1668
1705
1700
1664
1635
1584
1472
1337
1338
1219
1161
1060
987
901
856
789
798
785
877
892
950
993
1066
1141
1158
1292
1433
1584
1613
1710
1743
1680
1671
1642
1593
1452
1437
1319
1314
1264
1087
1128
1101
1111
1144
1201
1273
1328
1500
1444
1605
1684
1661
1676
1630
1585
1541
1489
1462
1411
1378
1272
1295
1252
1325
1300
1430
1481
1500
1581
1582
1567
1412
1520
1447
1374
1283
1242
1186
1072
1020
1090
1057
1068
1101
1105
1139
1196
1229
1335
1358
1453
1537
1582
1724
1868
1952
2095
2197
2236
2252
2217
2181
2084
2043
1969
1911
1821
1754
1663
1576
1493
1464
1470
1518
1578
1668
1790
1849
1887
1915
1889
1879
1746
1725
1667
1634
1568
1416
1385
1410
1372
1286
1365
1406
1340
1504
1573
1558
1491
1508
1516
1450
1423
1344
1169
1210
1143
1121
1075
1033
1064
1075
1133
1184
1261
1354
1462
1544
1626
1744
1833
2001
2146
2300
2382
2369
2418
2377
2326
2253
2168
2082
2017
1959
1897
1797
1724
1651
1627
1621
1591
1762
1804
1919
2004
2073
2092
2115
2099
2053
2005
1938
1876
1816
1763
1637
1562
1625
1582
1622
1651
1704
1710
1740
1726
1782
1756
1701
1661
1420
1433
1350
1269
1171
1167
1145
1085
1041
1028
1014
994
997
1086
1128
1183
1224
1250
1301
1370
1457
1512
1554
1804
1889
1962
1999
1994
1989
1932
1817
1766
1760
1709
1625
1492
1454
1397
1276
1251
1277
1390
1503
1626
1718
1705
1871
1910
1921
1923
1903
1845
1797
1730
1726
1641
1595
1405
1549
1545
1529
1507
1608
1650
1672
1758
1742
1785
1781
1691
1652
1576
1490
1424
1369
1341
1243
1270
1242
2044
1943
1872
1822
1800
1725
1661
1640
1582
1552
1508
1480
1487
1496
1514
1494
1444
1541
1555
1614
1663
1722
1739
1772
1794
1776
1717
1640
1585
1384
1396
1320
1252
1160
989
913
885
894
823
882
985
1047
1121
1141
1188
1254
1268
1274
1250
1204
1174
1155
1125
1088
1070
1028
991
1019
1025
1057
1125
1184
1210
1245
1253
1237
1204
1168
1118
1073
1021
955
914
879
825
798
725
792
798
801
882
868
974
924
1043
1103
1149
1230
1301
1378
1538
1653
1709
1772
1785
1817
1733
1754
1683
1680
1474
1471
1488
1365
1288
1292
1249
1313
1339
1378
1536
1554
1689
1698
1686
1710
1628
1615
1578
1608
1539
1474
1456
1400
1279
1297
1339
1289
1260
1400
1466
1479
1527
1516
1517
1563
1504
1428
1320
1325
1289
1237
1197
1175
1117
1121
1158
1172
1207
1256
1305
1307
1442
1513
1603
1718
1726
1841
2031
2041
2196
2221
2209
2198
2181
2148
2085
2029
1954
1925
1759
1781
1753
1694
1708
1706
1783
1756
1896
1934
2015
2045
1964
1950
1974
1889
1902
1820
1805
1660
1647
1584
1595
1578
1602
1609
1660
1650
1636
1620
1611
1650
1607
1592
1520
1438
1379
1296
1180
1166
1102
1078
998
992
1006
1051
1056
1065
1108
1090
1111
1220
1223
1308
1346
1423
1600
1670
1761
1833
1842
1834
1789
1745
1715
1689
1575
1561
1516
1365
1332
1286
1227
1236
1268
1321
1314
1486
1564
1626
1665
1664
1691
1654
1634
1589
1541
1489
1397
1363
1364
1323
1307
1311
1349
1380
1432
1482
1430
1538
1572
1552
1537
1496
1456
1418
1380
1276
1309
1232
1261
1222
1246
1278
1259
1385
1435
1510
1608
1665
1734
1806
1852
2049
2141
2303
2406
2448
2463
2443
2388
2262
2266
2222
2172
2027
2092
1998
1927
1865
1831
1821
1870
1917
1983
2046
2112
2083
2147
2097
2084
2025
1969
1898
1795
1769
1695
1603
1603
1511
1498
