2244
2168
2265
2290
2196
2046
1925
1774
1586
1414
1304
1228
1136
1204
1306
1275
1583
1793
1947
2162
2299
2384
2265
2440
2253
2353
2249
2073
1778
1660
1447
1290
1191
1100
1049
1056
1005
1061
882
975
1041
1054
1092
1100
1095
1059
1075
899
902
829
872
873
1005
1175
1395
1671
1777
1826
2075
2187
2261
2178
2273
2017
1972
2057
1846
1723
1551
1378
1220
1176
1082
1142
1202
1414
1602
1763
1878
1926
2128
2194
2360
2370
2360
2252
2212
2002
1685
1589
1453
1226
1091
1035
956
922
929
971
945
931
972
963
982
1008
1016
983
935
910
809
803
801
851
1026
1192
1273
1578
1800
1981
2042
2118
2157
2217
2206
2037
2092
2010
1830
1741
1601
1431
1284
1200
1163
1201
1207
1459
1555
1800
2030
2167
2173
2275
2452
2432
2418
2340
2091
2101
1879
1664
1490
1355
1123
1137
1101
1021
1109
1171
1107
1119
1163
1171
1208
1200
1188
1216
1152
1060
1023
1009
1012
978
1179
1272
1518
1691
1939
2100
2210
2298
2372
2323
2271
2285
2242
2044
1961
1809
1702
1464
1374
1257
1256
1342
1408
1566
1812
1964
2163
2273
2397
2477
2492
2436
2311
2298
2244
2082
1864
1664
1454
1302
1198
1144
1091
1158
932
1092
1066
1072
1075
1085
1147
1170
1100
1139
1064
1007
922
920
984
1036
1179
1332
1568
1763
1925
2044
2133
2097
2236
2108
2178
2131
2029
1899
1792
1563
1445
1373
1199
1229
1276
1368
1503
1705
1910
2065
2182
2259
2303
2214
2368
2355
2314
2204
2069
1894
1727
1555
1195
1193
1104
885
996
1018
1045
998
959
896
962
1003
1008
991
975
946
919
788
789
783
851
917
979
1171
1267
1544
1666
1861
1940
1924
1947
1957
1971
1920
1806
1714
1546
1457
1318
1090
1044
905
1037
1164
1258
1339
1600
1747
1906
1964
2059
2131
2148
2187
2170
2091
1941
1792
1646
1369
1232
1137
1038
791
887
889
949
734
917
1007
939
1015
992
1026
871
992
964
912
900
788
870
948
960
1248
1403
1652
1749
1957
2041
2157
2168
2123
2115
2045
2018
1904
1780
1662
1451
1350
1094
1194
1243
1238
1259
1499
1706
1721
1980
2069
2142
2164
2210
2207
2156
2044
1940
1830
1668
1404
1152
1110
937
832
819
763
772
761
790
748
754
807
798
706
811
806
753
722
703
573
705
746
847
1076
1203
1378
1563
1737
1842
1927
1880
1965
1990
1848
1866
1806
1695
1618
1282
1169
1212
1139
1145
1208
1279
1435
1601
1817
2005
1987
2064
2270
2312
2310
2312
2261
2068
1997
1823
1652
1504
1351
1238
1077
1131
1110
1117
1087
1078
1095
1122
1146
1166
1164
1161
1162
1094
1032
862
980
1009
1093
1201
1352
1538
1743
1906
2066
2166
2229
2259
2294
2294
2237
2157
2116
2048
1783
1678
1531
1459
1369
1370
1371
1568
1751
1966
2080
2233
2348
2457
2496
2441
2451
2447
2365
2231
2116
1929
1778
1638
1450
1376
1258
1296
1281
1270
1279
1262
1243
2140
2283
2278
2310
2380
2234
2130
1952
1673
1629
1443
1396
1328
1239
1091
1173
1180
1180
1191
1168
1125
1217
1220
1194
1021
1118
1042
1028
927
909
957
1012
1147
1304
1462
1696
1840
2027
2057
2234
2229
2272
2267
2229
2194
2049
1947
1794
1504
1457
1348
1280
1278
1275
1346
1516
1720
1847
2054
2120
2316
2435
2378
2432
2408
2219
2205
1988
1912
1725
1568
1315
1279
1278
1188
997
1141
1120
1157
1138
1208
1243
1147
1248
1109
1120
1073
1072
1008
962
995
952
1081
1253
1398
1623
1680
1911
2079
2090
2097
2055
2163
2032
2104
2029
1908
1829
1703
1445
1376
1289
1193
1305
1381
1495
1635
1787
1941
2067
2104
2227
2297
2283
2289
2196
2153
2037
1876
1652
1572
1449
1313
1202
1139
1122
1125
1094
1080
1086
1077
1087
1111
1012
1080
1061
1006
980
900
875
826
869
973
1112
1249
1288
1615
1791
1889
2042
2098
2048
2116
2018
2015
1934
1826
1681
1495
1376
1290
1195
1091
1132
1147
1340
1527
1692
1808
2005
2028
2177
2290
2148
2230
2127
2080
1947
1837
1635
1464
1284
1193
1099
1043
1036
1038
1065
997
1053
1038
1067
1079
1081
1067
1051
1055
964
880
887
807
798
967
1084
1248
1464
1633
1848
1897
1996
1977
2074
2043
2044
1998
1900
1814
1755
1580
1392
1352
1269
1137
1218
1272
1221
1521
1725
1907
2057
2122
2202
2228
2266
2184
2153
2100
1959
1821
1715
1586
1453
1328
1232
1144
1187
1124
1144
1163
1172
1116
1171
1186
1110
1145
1050
997
941
884
858
843
767
948
1033
1241
1459
1677
1775
2029
2141
2118
2187
2231
2064
2078
2013
1896
1757
1606
1480
1357
1238
1205
1213
1332
1403
1583
1701
1895
2090
2236
2269
2402
2411
2377
2223
2226
2022
1931
1794
1513
1378
1296
1208
1121
1118
1079
1082
1112
1056
1131
1160
1230
1183
1203
1177
1106
1043
934
944
997
798
1090
1197
1404
1559
1650
1840
1977
2069
2071
2107
2148
2055
2026
1933
1783
1634
1551
1416
1315
1260
1204
1272
1349
1438
1629
1771
1955
2058
2142
2176
2269
2124
2222
2036
2034
1869
1838
1548
1519
1350
1250
1152
1099
1052
1012
1007
1041
1032
1009
998
1004
997
950
958
921
848
777
768
721
761
818
982
1117
1318
1555
1757
1838
1950
2001
2015
1870
1930
1880
1807
1642
1525
1279
1241
1136
988
970
1048
1191
1254
1403
1601
1841
2009
2118
2241
2307
2321
2310
2268
2126
2051
1846
1691
1540
1406
1245
1181
1152
964
1144
1138
1132
1203
1231
1257
1338
1260
1259
1246
1116
1163
1129
1117
1095
1029
1187
1363
1690
1638
1887
2068
2036
2122
2501
2373
2369
2383
2330
2286
2061
1978
1862
1634
1590
1477
1543
1455
1552
1578
1822
1943
2053
2237
