892
1029
1138
1140
1228
1153
1183
1158
1111
1075
974
886
997
981
917
1072
1213
1326
1510
1579
1825
2016
2162
2244
2315
2304
2303
2205
2118
2033
1915
1579
1625
1552
1512
1463
1490
1508
1619
1782
1922
2052
2195
2238
2284
2259
2233
2132
1850
1786
1600
1308
1282
1126
974
892
786
797
807
807
892
970
998
1107
1213
1227
1225
1177
1189
1086
1026
959
860
980
934
1039
1151
1310
1429
1513
1838
2003
2130
2232
2278
2331
2278
2186
1975
1906
1841
1728
1590
1477
1455
1330
1411
1491
1592
1694
1810
2007
2142
2226
2309
2307
2264
2196
2045
1850
1682
1489
1255
1110
975
894
824
819
825
853
856
921
1005
985
1122
1177
1240
1279
1172
1136
1073
1010
965
925
979
920
1077
1231
1339
1512
1696
1867
2052
2176
2276
2298
2367
2151
2190
2011
1908
1749
1636
1532
1326
1383
1406
1440
1486
1667
1813
1930
2044
2152
2219
2334
2323
2272
2171
2073
1964
1714
1529
1323
1126
991
889
850
825
777
808
839
903
985
1012
1104
1156
1192
1172
1156
1106
1054
1003
957
930
975
1017
1098
1085
1406
1523
1656
1882
2037
2210
2201
2308
2369
2304
2117
2082
2010
1884
1730
1584
1378
1281
1419
1330
1378
1611
1717
1860
1911
2159
2097
2280
2306
2237
2082
2115
1923
1746
1538
1366
1065
1015
852
790
815
759
821
834
926
987
1040
1074
1141
1175
1153
1181
1135
1050
1034
943
947
912
982
1080
1201
1371
1610
1795
2001
2159
2232
2338
2438
2370
2369
2144
2180
2032
1937
1822
1624
1486
1460
1434
1464
1416
1520
1698
1870
2041
2142
2267
2328
2376
2348
2122
2135
1977
1748
1541
1314
1183
1046
949
865
807
831
846
898
924
1025
1070
1117
1099
1229
1169
1190
1174
1088
1059
966
955
1005
1019
1130
1188
1381
1556
1679
1936
2160
2219
2324
2353
2389
2166
2216
2120
2025
1808
1696
1591
1536
1444
1255
1381
1484
1544
1649
1841
1963
2089
2208
2261
2334
2204
2237
2089
1843
1618
1530
1346
1151
997
869
827
770
720
762
832
816
978
1025
1107
1148
1193
1080
1118
1053
1012
877
949
976
826
985
1137
1122
1362
1487
1624
1871
2093
2245
2394
2397
2442
2436
2321
2241
2087
1960
1805
1642
1530
1526
1506
1451
1561
1661
1709
1979
2143
2283
2375
2316
2461
2486
2382
2173
2016
1848
1658
1296
1251
1019
923
882
848
833
858
857
956
1043
1158
1159
1278
1272
1272
1272
1196
1057
1094
1047
1023
1013
1062
1129
1259
1311
1565
1808
1947
2080
2272
2414
2518
2505
2413
2351
2169
2039
1959
1856
1687
1581
1524
1392
1517
1514
1509
1681
1824
2060
2207
2201
2368
2356
2313
2256
2136
1931
1690
1530
1355
1075
1011
881
770
742
737
729
767
817
680
958
1035
1078
1139
1175
1129
1136
1020
971
868
921
909
903
1022
1031
1230
1401
1608
1837
1969
2122
2226
2297
2363
2358
2262
2194
2051
1850
1676
1608
1491
1408
1373
1395
1467
1537
1664
1782
1916
2020
2193
2185
2229
2220
2142
2006
1777
1634
1352
1072
1038
906
721
684
701
690
714
768
841
885
989
1094
1187
1225
1198
1131
940
920
962
930
918
937
990
1141
1216
1405
1559
1794
1971
2126
2252
2346
2270
2394
2325
2217
2082
1964
1675
1650
1460
1506
1388
1373
1547
1445
1761
1843
1986
2163
2249
2211
2362
2365
2302
2070
1952
1828
1656
1333
1179
1030
920
838
759
732
752
817
874
936
1032
1077
1134
1204
1140
1198
1183
1047
1033
975
863
978
1012
1058
1179
1282
1468
1621
1722
1923
2146
2248
2309
2134
2380
2274
2155
2096
1957
1770
1677
1582
1416
1476
1462
1438
1537
1592
1782
1916
2044
2146
2247
2300
2190
2267
2148
2024
1936
1729
1552
1432
1252
1047
1020
886
848
785
912
881
939
946
967
1152
1195
1226
1216
1179
1022
1079
979
979
943
968
986
1049
1170
1289
1435
1666
1837
1998
2106
2229
2303
2345
2229
2305
2167
2026
1821
1780
1640
1539
1428
1418
1432
1418
1503
1561
1613
1895
1928
2250
2175
2331
2268
2204
2021
1997
1847
1643
1418
1258
1083
981
857
784
756
780
707
849
864
871
989
1053
1140
1162
1085
1092
1040
1013
921
831
824
907
969
1006
1106
1292
1450
1635
1843
1971
2146
2171
2092
2266
2210
2121
2052
1897
1762
1621
1557
1433
1416
1371
1409
1438
1585
1706
1757
1935
2080
2169
2268
2310
2234
2162
2076
1955
1797
1581
1390
1213
1076
970
907
807
839
867
828
911
989
1081
1169
1273
1092
1229
1258
1210
1169
1042
1055
1033
1098
1028
1154
1268
1378
1596
1679
1899
2041
2151
2139
2240
2304
2256
2212
2056
1987
1806
1642
1580
1556
1508
1376
1524
1515
1647
1797
1960
2155
2172
2193
2338
2321
2240
2230
2120
1899
1812
1558
1363
1228
1087
990
933
880
930
940
946
1053
1129
1146
1192
1185
1242
1223
1065
1142
1091
944
1008
942
1074
1155
1074
1342
1550
1664
1851
1942
2138
2274
2335
2363
2368
2267
2190
2036
1850
1836
1666
1560
1507
1478
1489
1557
1618
1760
1757
2024
2173
2242
2423
2462
2404
2388
2294
2157
1852
1764
1561
1445
1311
1209
1049
1046
985
996
906
1016
1113
1139
1191
1236
1304
1232
1262
1252
1206
1113
1041
928
999
1057
1116
1148
1254
1404
1584
1792
1910
2095
2255
2369
2401
2458
2338
2237
1962
1907
1684
1623
1473
1414
1392
1358
1441
1543
1500
1740
1864
2052
2234
2275
2369
2366
2263
2112
2050
1876
1666
1395
1198
1038
905
815
779
721
721
783
763
856
917
1028
1148
1057
1168
1137
1048
993
900
884
841
859
875
960
1066
1241
1399
1542
1761
1857
2109
2189
2293
