1605
1341
1219
1172
1114
1134
1148
1105
1166
1243
1263
1281
1314
1323
1340
1273
1173
1052
957
860
678
746
800
972
1129
1350
1575
1746
1906
2044
2201
2294
2257
2357
2380
2303
2155
1985
1783
1573
1386
1232
1202
1201
1311
1422
1499
1675
1791
1898
1920
2038
2074
2107
2046
1988
1762
1631
1484
1326
1230
1169
1101
1075
1162
1174
1211
1233
1288
1300
1338
1370
1360
1273
1264
1144
1004
869
694
786
804
982
1134
1288
1553
1781
1943
2101
2221
2290
2308
2370
2340
2273
2104
1948
1710
1484
1348
1244
1189
1230
1281
1441
1518
1711
1797
1883
1973
2057
2061
2074
2006
1943
1840
1701
1507
1309
1229
1151
1123
1142
1094
1102
1204
1258
1302
1333
1345
1385
1375
1333
1204
1166
968
886
788
750
746
865
1006
1155
1469
1723
1830
2011
2150
2263
2332
2365
2270
2279
2183
1909
1823
1582
1349
1224
1178
1199
1271
1355
1384
1603
1720
1835
1798
2010
1971
2062
2033
2002
1911
1660
1510
1362
1234
1104
1108
1077
1108
1109
1172
1197
1230
1274
1322
1317
1335
1306
1245
1117
882
893
690
659
676
835
1029
1186
1476
1669
1840
2052
2203
2223
2368
2422
2358
2373
2253
2060
1773
1601
1436
1292
1199
1235
1300
1377
1524
1657
1806
1884
1869
1940
2058
2068
2059
1910
1838
1666
1475
1361
1206
1022
1018
1105
1156
1209
1213
1233
1314
1351
1338
1389
1392
1317
1232
1104
1036
883
757
734
813
933
1079
1274
1514
1775
1974
2155
2321
2427
2479
2501
2438
2278
2171
2046
1829
1598
1440
1226
1221
1173
1361
1475
1556
1731
1820
1940
2016
2089
2025
2120
2059
1976
1857
1669
1448
1331
1134
1155
1138
1113
1163
1215
1236
1284
1370
1395
1444
1407
1391
1360
1158
1101
976
828
765
784
797
954
1157
1357
1620
1837
2026
2162
2310
2385
2443
2464
2407
2295
2138
1947
1708
1501
1298
1241
1186
1231
1402
1526
1627
1795
1829
1969
2081
2041
2076
2037
2000
1866
1681
1498
1209
1204
1132
1093
1089
1013
1145
1198
1288
1295
1327
1262
1373
1370
1302
1194
964
959
807
720
659
653
790
1001
1235
1461
1677
1829
2077
2184
2325
2417
2351
2404
2342
2260
2045
1851
1631
1384
1241
1160
1177
1259
1294
1494
1677
1790
1840
2043
2035
2076
2119
2064
1958
1783
1616
1430
1328
1202
1094
1011
1050
1063
1096
1178
1225
1176
1289
1336
1351
1309
1264
1173
1092
931
823
648
659
721
757
982
1167
1374
1635
1866
2103
2236
2374
2401
2442
2309
2303
2228
1968
1773
1576
1248
1233
1098
1164
1270
1283
1553
1688
1828
1820
1914
2069
2126
2022
1982
1913
1782
1673
1464
1296
1167
1119
1053
1082
1006
1106
1018
1176
1233
1281
1266
1269
1266
1211
1092
959
852
752
632
710
772
905
1115
1328
1520
1846
2036
2218
2323
2321
2401
2492
2488
2360
2217
1943
1807
1610
1321
1291
1266
1178
1364
1465
1569
1729
1839
1983
1995
2100
2156
2104
2040
1859
1823
1690
1472
1353
1218
1158
1119
1150
1100
1185
1198
1157
1244
1320
1344
1250
1300
1255
1122
993
986
780
655
742
836
1003
1086
1471
1630
1946
2073
2141
2372
2357
2444
2460
2261
2302
2136
1914
1659
1490
1376
1293
1246
1358
1376
1521
1634
1704
1891
2004
2080
2064
2098
2079
1887
1874
1727
1596
1402
1301
1253
1153
1132
1150
1157
1221
1239
1311
1289
1361
1376
1348
1339
1255
1050
1025
937
846
751
676
754
977
1181
1302
1560
1795
2030
2165
2313
2328
2377
2421
2395
2293
2131
1940
1749
1526
1376
1321
1279
1291
1405
1582
1677
1823
1939
1997
2034
2051
2040
2005
1911
1792
1643
1549
1288
1272
1188
1146
1091
1105
1156
1184
1207
1282
1307
1326
1317
1255
1154
1186
1021
914
693
765
759
840
929
1101
1280
1471
1693
1954
2139
2237
2347
2380
2379
2274
2258
2117
1917
1742
1480
1440
1351
1267
1308
1444
1521
1692
1833
1903
2024
2048
2094
2049
2013
1940
1830
1668
1503
1293
1233
1153
1147
1231
1191
1252
1240
1326
1361
1399
1424
1387
1248
1288
1077
1023
883
781
733
786
827
979
1036
1365
1630
1855
1912
2170
2258
2383
2417
2382
2355
2247
2070
1897
1749
1592
1409
1353
1294
1371
1430
1566
1667
1815
1961
2023
2016
2147
2123
2079
2029
1860
1651
1579
1415
1280
1210
1172
1105
1122
1229
1165
1265
1297
1325
1340
1279
1323
1287
1145
1087
972
856
763
718
717
729
957
1109
1372
1616
1755
1818
2096
2252
2377
2369
2374
2312
2197
2108
1855
1651
1468
1318
1254
1303
1337
1433
1548
1724
1857
1948
2033
2005
2049
2078
2002
1900
1743
1605
1419
1348
1205
1151
1090
1106
1114
1191
1225
1261
1293
1306
1371
1337
1295
1244
1094
926
892
756
708
614
714
829
1002
1208
1325
1609
1853
2013
2173
2308
2382
2350
2264
2288
2162
1998
1754
1589
1398
1283
1296
1171
1324
1435
1520
1760
1875
1971
2018
2091
2064
2027
1964
1823
1633
1505
1296
1259
1066
1097
1059
1073
1106
1155
1170
1245
1250
1334
1367
1242
1278
1214
1129
1002
877
784
705
721
710
908
1061
1291
1531
1769
1949
2008
2250
2354
2377
2403
2382
2278
2154
1944
1737
1536
1360
1285
1141
1198
1423
1395
1669
1810
2001
2056
2085
2116
2110
2052
1929
1806
1571
1513
1336
1132
1132
1124
1115
1134
1118
1181
1283
1277
1287
1388
1372
1380
1318
1236
1089
950
810
729
699
723
800
1015
1259
1427
1752
1987
2157
2280
2426
2492
2438
2432
2299
2195
2017
1819
1644
1454
1320
1287
1301
1418
1513
1682
1682
1941
2068
2130
2145
2149
2115
2032
1935
1777
1569
1423
1272
1159
1115
1108
1118
1153
1149
1210
1289
1237
1372
1357
1378
1355
1293
1182
1005
810
