2054
1996
1942
1832
1804
1727
1659
1563
1477
1408
1343
1283
1258
1237
1249
1273
1328
1396
1472
1523
1557
1619
1620
1586
1584
1523
1463
1440
1395
1331
1309
1276
1258
1178
1184
1156
1164
1193
1167
1230
1229
1179
1210
1188
1129
1074
999
959
897
827
769
750
735
738
723
750
820
910
1018
1112
1315
1461
1594
1705
1825
1874
1892
1907
1861
1808
1787
1734
1680
1627
1577
1521
1485
1452
1443
1436
1462
1516
1600
1694
1786
1882
1920
2046
2071
2107
2079
2077
2044
2015
2005
1970
1936
1912
1880
1874
1864
1808
1894
1854
1953
2007
2071
2006
2100
2093
2095
2003
1970
1945
1890
1838
1828
1798
1758
1769
1757
1771
1811
1841
1920
1969
2037
2213
2354
2473
2542
2517
2508
2480
2447
2348
2267
2136
2076
1980
1898
1830
1730
1641
1571
1481
1439
1410
1409
1404
1453
1480
1516
1570
1602
1576
1572
1566
1517
1477
1437
1341
1337
1276
1266
1247
1218
1178
1160
1136
1093
1102
1128
1137
1143
1086
1087
1043
966
912
848
808
742
681
665
615
614
625
649
654
702
774
879
1005
1177
1312
1466
1566
1680
1748
1801
1834
1794
1770
1794
1705
1744
1723
1676
1625
1611
1588
1593
1577
1620
1662
1737
1791
1875
1946
2036
2039
2112
2142
2140
2127
2113
2092
2063
2025
2000
1914
1912
1875
1854
1827
1813
1810
1754
1819
1827
1813
1809
1800
1761
1741
1708
1665
1594
1593
1546
1548
1514
1489
1468
1435
1404
1423
1446
1501
1556
1633
1691
1772
1828
1835
1837
1793
1742
1654
1559
1446
1342
1238
1124
1001
930
835
751
697
588
605
590
615
663
683
739
781
817
807
834
815
795
771
732
749
713
717
735
728
747
751
747
780
822
855
916
926
991
980
1021
1046
1024
989
991
1003
984
1018
1009
1069
1112
1171
1171
1255
1308
1409
1512
1620
1718
1864
1980
2092
2143
2247
2247
2253
2247
2296
2254
2242
2178
2161
2123
2053
1998
1922
1872
1817
1774
1738
1688
1686
1657
1684
1674
1670
1716
1716
1681
1656
1619
1596
1545
1506
1474
1435
1373
1276
1235
1175
1126
1125
1085
1074
1084
1056
1056
1038
1015
1032
1000
977
954
926
905
897
878
865
856
878
923
974
1041
1165
1312
1419
1572
1699
1824
1902
1951
2010
2016
2012
2004
1976
1953
1892
1846
1801
1765
1701
1641
1659
1650
1622
1709
1746
1785
1814
1876
1911
1918
1977
1979
1946
1928
1885
1858
1841
1774
1765
1726
1732
1718
1708
1696
1659
1700
1696
1713
1725
1683
1704
1676
1651
1624
1600
1577
1523
1503
1493
1475
1492
1459
1485
1547
1588
1602
1643
1689
1711
1724
1729
1810
1853
1900
1942
2000
2064
2096
2157
2126
2164
2152
2140
2116
2068
2044
2016
1983
1927
1891
1842
1787
1742
1723
1689
1693
1680
1760
1758
1799
1820
1845
1828
1737
1778
1733
1717
1654
1564
1536
1475
1404
1300
1299
1281
1218
1254
1241
1257
1265
1246
1257
1224
1204
1182
1184
1143
1126
1100
1096
1060
1086
1069
1075
1117
1163
1237
1327
1446
1571
1727
1847
1953
2000
2041
2051
2049
2029
2007
1916
1900
1859
1827
1747
1759
1665
1571
1548
1632
1572
1674
1748
1725
1847
1899
1900
1962
1930
1942
1918
1833
1886
1856
1793
1769
1727
1661
1664
1613
1610
1630
1636
1658
1657
1667
1638
1645
1589
1609
1555
1490
1464
1458
1433
1438
1390
1363
1356
1359
1338
1397
1440
1508
1601
1734
1849
1999
2153
2236
2353
2438
2509
2521
2510
2520
2519
2481
2438
2450
2443
2416
2390
2350
2361
2356
2348
2376
2336
2432
2476
2509
2515
2518
2468
2474
2417
2276
2263
2173
2089
1963
1855
1745
1623
1491
1400
1284
1224
1151
1083
1012
971
951
893
833
825
730
685
561
550
570
562
554
569
534
564
566
565
579
615
686
751
856
923
1036
1122
1207
1232
1266
1260
1234
1198
1164
1108
1078
1026
989
968
891
874
875
841
873
899
942
973
1038
1038
1129
1163
1160
1181
1161
1152
1129
1101
1061
1029
1005
961
930
906
881
876
876
891
890
933
938
974
961
991
994
996
986
983
985
979
970
953
966
971
982
990
1022
1042
1065
1104
1153
1222
1288
1348
1441
1501
1557
1601
1656
1690
1688
1680
1674
1654
1623
1612
1539
1551
1512
1445
1463
1433
1402
1414
1419
1428
1465
1497
1512
1542
1555
1558
1555
1546
1525
1512
1505
1490
1480
1432
1449
1430
1421
1425
1418
1433
1424
1464
1476
1484
1490
1475
1455
1435
1437
1406
1377
1368
1363
1359
1348
1169
1094
1079
1085
1109
1128
1223
1314
1416
1506
1580
1666
1724
1750
1797
1818
1849
1822
1832
1841
1825
1780
1769
1765
1738
1747
1742
1753
1786
1827
1830
1920
1969
2010
2021
2043
2041
2034
2061
2021
2015
1995
1976
1958
1916
1891
1832
1845
1825
1813
1808
1812
1758
1795
1791
1755
1724
1685
1631
1571
1512
1461
1416
1368
1322
1322
1306
1311
1291
1344
1409
1470
1561
1657
1732
1851
1958
2068
2121
2128
2173
2132
2134
2105
2039
1978
1930
1859
1787
1720
1663
1596
1538
1502
1437
1432
1423
1408
1411
1415
1382
1362
1337
1243
1233
1164
1139
1075
1042
978
963
924
917
865
898
894
913
943
966
1000
1054
1062
1073
1045
1118
1097
1099
1103
1093
1092
1096
1107
1107
1146
1162
1149
1228
1277
1356
1502
1640
1760
1890
1967
2040
2103
2123
2134
2120
2109
2069
2004
1971
1953
1887
1856
1821
1774
1766
1785
1790
1812
1862
1915
1958
1973
1984
1949
1955
1897
1892
1826
1783
1690
1688
1632
1614
1569
1538
1531
1532
1523
1551
1569
1589
1524
1593
1545
1564
1548
1450
1443
1396
1309
1304
1244
1212
1241
1184
1219
1226
1234
1295
1360
1436
1544
1637
1732
