1896
1785
1722
1586
1532
1477
1437
1411
1412
1418
1448
1491
1551
1607
1637
1628
1604
1540
1524
1466
1440
1430
1499
1620
1756
1897
2014
2259
2417
2541
2516
2537
2530
2502
2493
2454
2366
2252
2103
1932
1745
1578
1477
1365
1275
1281
1342
1417
1558
1688
1804
1900
1958
2027
2046
2020
1957
1923
1850
1766
1670
1625
1565
1544
1505
1477
1442
1409
1423
1390
1383
1347
1318
1256
1180
1101
1024
934
873
810
848
891
951
1089
1256
1413
1521
1674
1747
1830
1859
1894
1921
1888
1855
1791
1726
1604
1465
1306
1194
1105
1047
1051
1072
1163
1269
1405
1564
1711
1823
1937
1997
2032
2017
2024
1969
1859
1813
1691
1680
1596
1525
1474
1436
1414
1406
1416
1432
1455
1498
1504
1530
1528
1516
1480
1445
1403
1351
1365
1392
1449
1520
1619
1690
1782
1822
1881
1897
1891
1877
1846
1821
1760
1689
1603
1462
1356
1218
1129
1009
945
928
957
1012
1125
1244
1354
1485
1603
1759
1830
1873
1889
1832
1802
1715
1606
1547
1460
1393
1350
1311
1301
1292
1327
1330
1402
1470
1536
1563
1610
1652
1632
1609
1560
1515
1478
1477
1480
1545
1637
1742
1868
1954
2073
2164
2221
2260
2276
2281
2262
2216
2122
2050
1935
1819
1653
1497
1413
1302
1279
1311
1343
1435
1575
1718
1848
2001
2119
2195
2239
2254
2207
2152
2076
1984
1867
1789
1722
1652
1580
1548
1507
1460
1489
1482
1509
1512
1537
1477
1475
1412
1325
1237
1132
984
913
852
833
853
921
1001
1100
1213
1315
1396
1455
1494
1512
1515
1513
1465
1405
1290
1195
1066
945
868
757
726
694
784
879
998
1113
1237
1384
1507
1582
1642
1665
1588
1560
1493
1390
1238
1149
1063
941
883
794
778
767
752
742
797
839
864
892
889
869
817
752
650
606
558
544
565
608
690
817
962
1109
1243
1335
1376
1442
1542
1590
1601
1586
1536
1508
1461
1362
1259
1159
1074
1023
1013
1054
1104
1232
1373
1549
1727
1877
2013
2077
2119
2150
2133
2049
1984
1881
1788
1664
1588
1511
1476
1405
1389
1410
1420
1443
1485
1516
1565
1556
1581
1548
1489
1465
1418
1336
1276
1281
1311
1393
1480
1581
1707
1809
1965
2012
2128
2163
2197
2214
2203
2181
2116
2033
1923
1791
1673
1561
1485
1412
1438
1503
1597
1702
1838
1962
2091
2194
2308
2350
2359
2325
2261
2211
2114
1995
1878
1788
1698
1627
1546
1537
1513
1499
1523
1551
1575
1611
1638
1612
1574
1560
1504
1425
1375
1308
1269
1250
1274
1326
1398
1491
1657
1779
1863
1939
2021
2096
2118
2132
2120
2072
2017
1974
1877
1786
1677
1592
1523
1498
1507
1538
1632
1732
1887
2022
2182
2257
2387
2408
2440
2422
2342
2252
2153
2015
1927
1810
1723
1645
1569
1515
1484
1460
1458
1489
1470
1517
1557
1555
1508
1468
1473
1400
1336
1270
1240
1207
1255
1296
1379
1485
1611
1697
1821
1915
1973
2040
2050
2077
2062
2056
1982
1895
1828
1727
1649
1566
1509
1478
1508
1571
1654
1796
1899
2065
2235
2377
2440
2526
2527
2511
2483
2418
2361
2272
2174
2090
2064
2008
1939
1938
1869
1860
1842
1821
1804
1772
1749
1664
1625
1506
1416
1270
1125
996
888
784
711
713
724
774
820
876
943
998
1044
1063
1087
1088
1085
1065
1042
1005
973
913
883
869
906
939
1001
1123
1269
1440
1623
1756
1925
2046
2149
2214
2219
2190
2131
2044
1974
1872
1778
1690
1595
1505
1470
1449
1403
1386
1348
1388
1390
1383
1373
1355
1312
1247
1179
1110
1027
948
920
905
912
942
1005
1084
1181
1245
1323
1368
1405
1427
1435
1416
1393
1293
1245
1145
1055
960
852
758
683
653
660
706
732
831
911
1036
1208
1325
1418
1488
1529
1545
1501
1430
1332
1281
1186
1139
1109
1072
1020
1034
1031
1064
1097
1141
1196
1269
1317
1375
1408
1388
1370
1315
1267
1237
1193
1171
1194
1213
1269
1353
1451
1563
1674
1770
1854
1930
1970
2001
2005
2017
1986
1942
1885
1800
1699
1675
1629
1588
1612
1652
1724
1824
1916
1996
2119
2237
2322
2363
2379
2347
2265
2206
2088
1954
1835
1690
1577
1456
1357
1310
1242
1210
1189
1184
1193
1212
1233
1218
1209
1184
1125
1088
1011
958
1472
1266
1121
1041
942
937
892
873
883
899
947
981
1002
1039
1060
1043
986
933
871
805
763
749
739
782
915
1048
1171
1315
1411
1481
1567
1629
1667
1707
1694
1658
1604
1525
1447
1326
1174
1104
989
990
990
1045
1149
1270
1408
1573
1713
1806
1908
1962
1985
1981
1917
1814
1773
1678
1606
1525
1456
1392
1372
1346
1375
1372
1429
1475
1509
1531
1568
1519
1524
1456
1441
1327
1294
1229
1217
1248
1282
1395
1496
1587
1731
1849
1938
2002
2030
2053
2084
2062
2004
1961
1854
1740
1613
1526
1408
1366
1335
1346
1411
1538
1669
1785
1890
2061
2172
2189
2250
2238
2213
2146
2059
1956
1851
1746
1677
1574
1552
1512
1463
1499
1492
1561
1590
1633
1665
1659
1659
1621
1525
1488
1414
1333
1326
1306
1326
1382
1488
1618
1726
1821
1908
1977
2022
2068
2080
2085
2053
1992
1926
1842
1726
1588
1451
1360
1289
1285
1287
1324
1423
1536
1679
1801
1902
2009
2074
2096
2056
2024
1910
1855
1757
1663
1592
1514
1445
1402
1357
1359
1360
1393
1434
1492
1528
1608
1603
1583
1567
1526
1479
1414
1333
1308
1310
1340
1407
1510
1577
1680
1765
1835
1915
1942
1966
1983
1966
1931
1886
1788
1673
1531
1360
1244
1148
1049
982
983
1017
1079
1231
1351
1461
1574
1685
1760
1783
1719
1705
1657
1587
1482
1398
1300
1171
1121
1076
1028
991
994
980
1050
1097
1150
1183
1201
1199
1173
1119
1053
971
945
919
919
939
994
1116
1240
1359
1498
