897
1009
1117
1212
1324
1450
1555
1632
1718
1757
1810
1874
1900
1919
1937
1935
1927
1910
1890
1880
1889
1917
1967
2029
2117
2207
2275
2343
2371
2386
2389
2372
2337
2308
2263
2213
2166
2096
2030
1950
1871
1802
1758
1719
1713
1721
1725
1714
1742
1721
1702
1669
1622
1600
1545
1512
1481
1458
1475
1482
1489
1521
1522
1539
1540
1540
1542
1546
1536
1525
1513
1488
1453
1401
1337
1262
1205
1146
1100
1073
1045
1080
1113
1130
1180
1198
1218
1215
1206
1187
1174
1160
1143
1123
1094
1062
1020
980
944
908
908
904
913
949
1013
1058
1080
1128
1162
1172
1180
1206
1218
1237
1277
1320
1376
1426
1499
1584
1689
1747
1841
1883
1946
1983
2026
2062
2107
2126
2162
2170
2156
2149
2145
2142
2144
2169
2219
2273
2314
2389
2424
2456
2454
2454
2427
2375
2346
2306
2237
2175
2094
2006
1903
1787
1704
1620
1544
1484
1453
1442
1419
1406
1388
1357
1332
1287
1236
1214
1190
1184
1188
1215
1224
1288
1333
1358
1397
1421
1455
1457
1488
1498
1503
1481
1450
1421
1370
1312
1241
1175
1105
1066
1052
1058
1074
1106
1145
1180
1194
1216
1214
1221
1209
1201
1201
1177
1152
1127
1072
1057
1002
988
961
962
970
996
1024
1037
1062
1065
1069
1067
1051
1040
1037
1026
1012
1025
1067
1092
1157
1207
1263
1312
1355
1397
1444
1478
1503
1530
1550
1540
1540
1537
1507
1467
1436
1409
1408
1391
1429
1478
1538
1586
1638
1685
1712
1729
1751
1728
1731
1724
1711
1689
1679
1631
1625
1582
1541
1497
1482
1469
1464
1492
1526
1531
1531
1541
1522
1500
1478
1443
1416
1385
1376
1369
1360
1396
1421
1452
1483
1519
1548
1582
1611
1633
1644
1667
1670
1660
1664
1655
1612
1589
1572
1556
1531
1577
1616
1665
1699
1753
1769
1776
1804
1809
1800
1779
1784
1764
1754
1720
1680
1626
1560
1526
1499
1488
1484
1500
1522
1552
1568
1577
1582
1585
1567
1565
1594
1587
1580
1628
1668
1725
1782
1848
1924
1992
2074
2144
2193
2223
2268
2287
2299
2291
2298
2284
2254
2227
2184
2151
2093
2098
2105
2132
2149
2183
2231
2278
2298
2317
2308
2308
2287
2275
2253
2217
2185
2147
2094
2029
1968
1891
1849
1799
1780
1749
1742
1719
1680
1671
1631
1566
1500
1430
1361
1301
1247
1215
1177
1152
1135
1162
1181
1205
1236
1265
1318
1364
1403
1448
1485
1514
1545
1569
1587
1606
1622
1624
1666
1708
1790
1830
1927
2003
2099
2170
2240
2283
2312
2310
2290
2264
2201
2119
2022
1915
1817
1712
1606
1479
1397
1307
1237
1221
1181
1144
1122
1090
1042
999
954
912
870
837
812
765
780
782
810
839
869
880
936
958
981
966
968
979
970
962
941
906
873
830
777
750
738
733
744
782
832
897
934
1000
1033
1077
1089
1093
1103
1115
1119
1126
1123
1127
1121
1119
1114
1096
1133
1139
1179
1225
1301
1334
1374
1402
1413
1419
1420
1420
1415
1406
1413
1427
1429
1473
1505
1564
1618
1658
1695
1746
1774
1776
1806
1808
1813
1801
1788
1764
1721
1687
1650
1606
1593
1588
1581
1590
1600
1602
1602
1606
1586
1554
1516
1480
1435
1396
1340
1277
1229
1151
1107
1048
1002
972
938
939
932
943
948
949
963
969
964
951
929
939
912
917
921
924
968
986
1038
1111
1169
1226
1262
1299
1346
1380
1404
1448
1441
1476
1460
1473
1474
1447
1471
1482
1485
1515
1551
1574
1641
1697
1750
1773
1806
1835
1825
1837
1798
1814
1782
1770
1772
1719
1710
1682
1659
1614
1609
1614
1621
1655
1665
1677
1694
1697
1684
1662
1660
1651
1638
1629
1624
1640
1636
1700
1745
1809
1847
1900
1958
1981
2028
2061
2097
2130
2147
2155
2148
2164
2157
2145
2131
2124
2119
2107
2138
2174
2211
2245
2286
2313
2336
2350
2354
2358
2352
2340
2310
2320
2312
2301
2280
2245
2249
2248
2231
2232
2232
2241
2250
2234
2213
2177
2142
2086
2037
1991
1941
1874
1828
1780
1749
1728
1730
1722
1746
1759
1761
1761
1756
1750
1732
1718
1700
1672
1625
1603
1579
1545
1522
1494
1480
1481
1478
1515
1537
1547
1571
1581
1560
1561
1538
1500
1449
1432
1398
1353
1314
1259
1204
1149
1099
1061
1039
1027
1002
1017
1018
1002
980
959
919
889
850
796
771
750
732
726
727
742
767
806
834
873
910
929
944
968
992
1003
1014
1018
1011
1016
1017
1009
1005
1037
1058
1103
1143
1177
1195
1246
1290
1310
1316
1320
1316
1302
1293
1275
1256
1227
1199
1168
1132
1117
1118
1104
1119
1126
1160
1172
1201
1204
1215
1223
1223
1227
1227
1224
1202
1232
1265
1295
1326
1377
1448
1492
1550
1582
1611
1644
1637
1655
1657
1654
1659
1647
1627
1618
1596
1578
1555
1565
1593
1591
1636
1667
1679
1690
1689
1678
1653
1634
1604
1574
1541
1504
1466
1420
1366
1318
1289
1252
1248
1264
1288
1318
1346
1379
1413
1437
1454
1472
1495
1502
1537
1549
1542
1590
1618
1664
1709
1763
1808
1848
1869
1924
1934
1946
1939
1906
1909
1857
1852
1816
1791
1763
1746
1736
1741
1738
1739
1772
1794
1800
1793
1818
1817
1793
1755
1753
1728
1705
1691
1654
1664
1652
1634
1646
1652
1677
1728
1759
1806
1863
1920
1963
2011
2053
2078
2085
2103
2113
2112
2123
2132
2164
2202
2243
2280
2324
2350
2388
2403
2387
2341
2290
2269
2186
2151
2072
2002
1947
1897
1860
1834
1825
1829
1854
1901
1955
1999
2057
2084
2122
2132
2156
2166
2165
2168
2177
2164
2146
2112
2063
2020
1974
1926
1884
1867
1829
1807
1788
1763
1727
1682
1642
1596
1544
1475
1448
1385
1352
1322
1303
1274
1291
1273
1279
1305
1306
1285
1291
1283
1251
1219
1201
1169
1119
1086
1073
1047
1024
998
995
