1246
1267
1307
1381
1455
1514
1551
1593
1622
1617
1719
1711
1831
1846
1869
1859
1771
1673
1521
1483
1364
1337
1345
1391
1490
1572
1717
1805
1904
1935
1929
1898
1878
1800
1743
1661
1513
1372
1292
1125
1059
1016
1014
1011
1051
1114
1183
1250
1297
1327
1354
1358
1276
1229
1199
1112
1162
1173
1164
1281
1356
1439
1526
1560
1624
1665
1694
1751
1802
1832
1864
1866
1833
1747
1652
1593
1470
1371
1330
1343
1429
1498
1643
1773
1902
1961
1987
2003
1950
1878
1852
1812
1716
1598
1462
1288
1240
1136
1109
1086
1114
1169
1251
1356
1406
1402
1471
1433
1454
1403
1336
1301
1260
1265
1288
1337
1424
1459
1562
1625
1691
1714
1753
1798
1878
1935
1949
1952
1854
1839
1756
1631
1525
1436
1360
1358
1466
1561
1627
1762
1831
1951
2019
2024
1969
1958
1893
1816
1733
1611
1471
1332
1211
1104
1026
1011
1015
1034
1157
1192
1300
1337
1374
1406
1356
1315
1244
1196
1156
1148
1173
1222
1302
1374
1449
1519
1572
1608
1666
1685
1793
1841
1839
1849
1828
1760
1645
1477
1342
1290
1281
1324
1415
1494
1650
1777
1894
1957
1911
1948
1920
1891
1812
1695
1620
1477
1367
1231
1145
1037
975
954
969
1049
1136
1171
1296
1292
1381
1390
1343
1338
1265
1221
1187
1185
1204
1259
1340
1421
1498
1575
1625
1676
1714
1790
1848
1910
1961
1948
1922
1846
1702
1586
1516
1398
1333
1342
1405
1474
1603
1751
1891
2005
2046
2074
2082
2022
1957
1853
1779
1667
1527
1387
1290
1167
1062
1049
1060
1109
1197
1235
1340
1415
1409
1480
1474
1446
1354
1292
1288
1254
1257
1252
1376
1459
1547
1622
1685
1757
1790
1877
1936
1985
2030
2046
2048
1987
1902
1744
1661
1521
1382
1360
1426
1497
1621
1797
1974
2095
2163
2202
2171
2154
2063
2006
1897
1768
1629
1533
1332
1177
1128
1086
1071
1147
1190
1267
1372
1445
1498
1513
1541
1503
1441
1367
1312
1289
1279
1332
1378
1448
1528
1625
1686
1754
1821
1882
1950
2014
2064
2082
2077
2050
1965
1800
1686
1557
1457
1388
1399
1428
1501
1679
1839
1973
2100
2184
2205
2188
2108
2063
1946
1829
1738
1649
1465
1353
1215
1124
1040
1013
1078
1145
1251
1323
1417
1498
1522
1488
1478
1417
1332
1279
1244
1229
1247
1333
1401
1498
1558
1611
1701
1765
1818
1871
1942
1997
2048
2056
2009
1936
1799
1601
1513
1454
1359
1303
1311
1417
1553
1720
1893
2019
2146
2146
2240
2176
2046
2019
1901
1809
1681
1541
1386
1247
1135
1073
1073
1067
1122
1225
1335
1410
1450
1518
1528
1509
1454
1322
1270
1219
1182
1202
1255
1289
1386
1483
1533
1599
1644
1670
1712
1692
1738
1845
1794
1818
1736
1597
1422
1273
1184
1063
997
1014
1057
1182
1334
1471
1652
1741
1850
1914
1866
1819
1727
1603
1518
1392
1261
1113
965
843
773
732
799
888
950
1116
1210
1293
1320
1293
1307
1266
1153
1110
1071
1061
1112
1135
1272
1386
1492
1574
1646
1692
1745
1777
1881
1954
1984
1998
1958
1870
1749
1613
1459
1286
1230
1186
1182
1292
1355
1539
1748
1921
2056
2128
2165
2105
2039
1939
1812
1677
1542
1388
1249
1076
942
899
858
874
952
1055
1175
1301
1328
1376
1308
1316
1223
1153
1111
1085
1071
1120
1186
1313
1410
1515
1540
1658
1694
1768
1846
1918
2004
2010
2005
1896
1774
1671
1531
1373
1234
1198
1223
1311
1320
1580
1685
1960
2094
2152
2134
2123
2024
1954
1833
1651
1595
1389
1234
1051
1037
1168
1268
1329
1352
1356
1268
1281
1197
1165
1150
1141
1212
1297
1374
1443
1593
1646
1652
1749
1766
1829
1916
1933
1973
1967
1917
1821
1723
1582
1467
1377
1322
1370
1428
1506
1704
1862
1977
2032
2124
2116
2086
2053
1928
1878
1767
1665
1504
1316
1205
1133
1033
987
1011
1058
1187
1285
1372
1427
1434
1471
1475
1390
1368
1319
1287
1297
1362
1438
1519
1603
1690
1782
1791
1806
1864
1887
2002
2055
2089
2109
2044
2044
1901
1809
1696
1507
1494
1485
1517
1614
1758
1897
2075
2174
2215
2258
2235
2171
2130
2049
1933
1809
1674
1501
1371
1251
1124
1086
1086
1109
1195
1281
1351
1417
1474
1467
1472
1435
1377
1314
1297
1284
1318
1382
1470
1551
1623
1686
1702
1749
1763
1801
1853
1932
1953
1992
1985
1907
1797
1647
1574
1445
1389
1388
1434
1544
1689
1852
1984
2084
2171
2171
2162
2118
2054
1946
1869
1742
1621
1492
1368
1234
1108
1053
1032
1046
1157
1229
1286
1388
1373
1426
1445
1429
1368
1320
1296
1292
1334
1402
1485
1524
1645
1657
1692
1698
1706
1722
1744
1804
1849
1836
1841
1746
1610
1484
1386
1249
1211
1207
1240
1337
1516
1674
1808
1922
1963
1960
1926
1801
1754
1610
1513
1341
1238
1137
946
799
706
697
697
757
835
902
999
1062
1115
1139
1153
1120
1056
1040
1008
1029
1096
1163
1272
1344
1406
1427
1459
1480
1524
1576
1644
1660
1750
1759
1759
1702
1553
1445
1378
1294
1235
1220
1286
1421
1579
1722
1880
2041
2096
2033
2071
1997
1922
1830
1736
1612
1488
1345
1174
1012
939
899
916
989
1056
1189
1274
1359
1393
1403
1414
1340
1304
1315
1310
1346
1425
1516
1611
1653
1702
1740
1701
1763
1817
1860
1970
1998
2048
2018
2032
1937
1809
1700
1646
1610
1645
1649
1829
1939
2172
2323
2380
2477
2491
2452
2391
2325
2233
2122
2002
1893
1734
1545
1426
1325
1269
1272
1331
1396
1470
1553
1632
1675
1650
1618
1588
1502
1464
1464
1455
1477
1551
1624
1690
1711
1714
1717
1732
1718
1768
1817
1853
1865
1870
1835
1711
1631
1512
1386
1242
1253
1278
1314
1405
1455
1640
1752
1779
1793
1800
1776
1742
1644
1555
1425
1343
1260
1103
902
730
720
693
681
715
767
845
937
