1450.0666666666666
1453.2666666666667
1436.5333333333333
1423.4666666666667
1421.8666666666666
1410.6666666666667
1429.2666666666667
1442.0
1469.2666666666667
1467.9333333333334
1501.4
1553.7333333333333
1579.2666666666667
1584.8
1578.1333333333334
1538.4666666666667
1498.3333333333333
1459.4
1447.6666666666667
1440.1333333333334
1477.8
1545.6666666666667
1568.3333333333333
1600.6666666666667
1621.0
1624.6
1607.2666666666667
1588.4
1581.7333333333333
1590.7333333333333
1570.0666666666666
1566.8666666666666
1566.6666666666667
1517.8
1474.4
1445.3333333333333
1440.0
1446.5333333333333
1506.2666666666667
1576.5333333333333
1631.9333333333334
1681.2
1696.8666666666666
1677.6
1633.6
1592.2
1561.8
1516.4666666666667
1491.8666666666666
1501.3333333333333
1505.5333333333333
1497.6666666666667
1484.6666666666667
1483.1333333333334
1475.0666666666666
1469.4
1483.3333333333333
1486.5333333333333
1496.3333333333333
1482.5333333333333
1464.3333333333333
1436.0666666666666
1379.8666666666666
1316.0
1280.2
1245.6
1256.3333333333333
1293.4666666666667
1368.2666666666667
1456.8
1520.5333333333333
1562.2
1595.8666666666666
1605.3333333333333
1601.0
1605.8666666666666
1607.6
1617.4666666666667
1603.0666666666666
1576.4
1550.2666666666667
1521.8666666666666
1483.7333333333333
1455.0666666666666
1426.6
1412.7333333333333
1437.6666666666667
1479.9333333333334
1528.8666666666666
1586.4666666666667
1640.0
1686.8666666666666
1717.2
1727.1333333333334
1737.8
1738.1333333333334
1725.4
1696.0666666666666
1675.7333333333333
1634.1333333333334
1588.0666666666666
1539.6
1492.4
1461.0666666666666
1433.3333333333333
1437.6
1480.3333333333333
1517.9333333333334
1550.2
1612.1333333333334
1659.9333333333334
1689.6
1716.8
1718.1333333333334
1691.0666666666666
1622.6666666666667
1570.9333333333334
1498.0
1418.4
1356.0
1317.4666666666667
1297.8
1295.8
1318.7333333333333
1350.1333333333334
1371.4
1418.8
1433.0
1454.4666666666667
1468.0666666666666
1462.3333333333333
1438.5333333333333
1444.2
1406.5333333333333
1381.9333333333334
1372.4666666666667
1389.8
1405.1333333333334
1445.1333333333334
1489.8
1525.6666666666667
1566.0
1596.8
1638.0
1667.0666666666666
1701.4666666666667
1720.6666666666667
1718.6666666666667
1689.9333333333334
1674.6
1649.0666666666666
1633.0
1575.8
1541.8
1508.7333333333333
1513.0666666666666
1521.0666666666666
1527.2666666666667
1548.2
1568.0666666666666
1607.4666666666667
1630.2666666666667
1650.6
1669.1333333333334
1656.8
1637.1333333333334
1612.5333333333333
1605.6666666666667
1587.0666666666666
1592.0666666666666
1580.6666666666667
1618.6
1626.8
1634.2
1616.6666666666667
1567.7333333333333
1516.8
1470.4
1406.2666666666667
1404.1333333333334
1411.4
1405.3333333333333
1447.6666666666667
1477.4
1488.1333333333334
1502.8
1501.0666666666666
1465.3333333333333
1453.2
1442.2
1438.8
1427.0666666666666
1408.7333333333333
1402.2666666666667
1370.0
1342.2666666666667
1318.8666666666666
1301.1333333333334
1268.4
1256.0
1291.4666666666667
1306.9333333333334
1363.4666666666667
1480.4666666666667
1544.8666666666666
1644.4666666666667
1722.6
1777.7333333333333
1799.4
1791.7333333333333
1764.5333333333333
1708.6666666666667
1665.1333333333334
1612.4
1564.6
1506.0666666666666
1477.6666666666667
1452.9333333333334
1429.3333333333333
1463.0666666666666
1522.9333333333334
1568.8
1624.4666666666667
1708.0666666666666
1760.5333333333333
1792.5333333333333
1810.2666666666667
1805.2
1785.4666666666667
1743.7333333333333
1692.8666666666666
1623.6666666666667
1559.1333333333334
1516.7333333333333
1479.4666666666667
1441.0666666666666
1453.6
1474.4666666666667
1505.0666666666666
1555.5333333333333
1600.6
1623.4666666666667
1644.5333333333333
1645.4666666666667
1599.6
1569.2
1511.6
1446.8
1383.8666666666666
1335.7333333333333
1266.5333333333333
1231.9333333333334
1200.3333333333333
1188.0666666666666
1202.0666666666666
1225.1333333333334
1302.4
1385.2
1466.4
1539.7333333333333
1592.6
1613.1333333333334
1605.7333333333333
1562.7333333333333
1504.2
1448.7333333333333
1409.8
1374.4
1391.3333333333333
1421.9333333333334
1482.2
1529.4
1556.8
1587.0666666666666
1586.9333333333334
1594.2
1610.4
1648.8666666666666
1682.7333333333333
1723.5333333333333
1732.0666666666666
1704.3333333333333
1678.2666666666667
1633.9333333333334
1605.6666666666667
1568.3333333333333
1553.2666666666667
1560.3333333333333
1569.3333333333333
1591.3333333333333
1598.1333333333334
1610.8
1600.8666666666666
1594.4
1586.0
1556.8666666666666
1566.8666666666666
1580.2666666666667
1604.4
1610.2
1643.5333333333333
1640.2666666666667
1593.6666666666667
1563.7333333333333
1533.6
1481.0666666666666
1448.8
1442.0666666666666
1415.2
1422.1333333333334
1412.3333333333333
1431.0
1435.2
1440.5333333333333
1480.4666666666667
1496.3333333333333
1522.3333333333333
1546.1333333333334
1567.4666666666667
1561.2666666666667
1541.0666666666666
1492.8666666666666
1453.1333333333334
1402.5333333333333
1375.6
1363.2
1349.8
1375.8666666666666
1419.4
1452.0
1493.4
1525.2666666666667
1555.5333333333333
1581.1333333333334
1604.2666666666667
1637.2
1641.8
1648.4
1644.5333333333333
1609.4
1571.6
1539.3333333333333
1492.3333333333333
1472.0
1488.0666666666666
1517.4
1550.7333333333333
1586.0
1625.7333333333333
1607.7333333333333
1605.6666666666667
1582.9333333333334
1556.7333333333333
1560.5333333333333
1553.1333333333334
1534.9333333333334
1549.2666666666667
1554.5333333333333
1542.0
1527.4666666666667
1506.8
1485.0
1486.8666666666666
1542.4666666666667
1556.9333333333334
1624.4
1669.0666666666666
1691.2
1725.4666666666667
1710.0
1703.2
1674.0666666666666
1666.6666666666667
1670.6
1659.1333333333334
1629.8666666666666
1618.9333333333334
1596.1333333333334
1566.7333333333333
1546.4666666666667
1548.0666666666666
1551.7333333333333
1561.2666666666667
1595.5333333333333
1610.4666666666667
1616.9333333333334
1608.2
1618.5333333333333
1601.7333333333333
1582.9333333333334
1595.2666666666667
1576.3333333333333
1558.2666666666667
1542.7333333333333
1515.0666666666666
1476.5333333333333
1421.0
1387.1333333333334
1345.9333333333334
1327.1333333333334
1296.7333333333333
1283.4
1278.6666666666667
1282.4666666666667
1281.3333333333333
1289.5333333333333
1309.4
1345.6
1414.0666666666666
1472.8666666666666
1537.6
1567.4666666666667
1585.1333333333334
1590.2
1573.4666666666667
1497.8666666666666
1459.6
1438.8666666666666
1420.4
1443.5333333333333
1459.0666666666666
1493.0
1535.7333333333333
1570.8666666666666
1603.2666666666667
1612.8666666666666
1624.8
1652.9333333333334
1688.3333333333333
1733.2666666666667
1770.0666666666666
1826.6
1830.2
1810.0
1758.4666666666667
1671.3333333333333
1604.1333333333334
1538.5333333333333
1518.1333333333334
1535.2
1579.3333333333333
1624.6666666666667
1648.0
1649.0
1651.7333333333333
1638.4666666666667
1636.4
1646.5333333333333
1662.8
1669.0
1679.1333333333334
1673.4
1615.2
1569.6666666666667
1498.8
1420.1333333333334
1379.4
1358.6666666666667
1350.0
1355.2666666666667
1351.6
1351.8
1348.5333333333333
1351.8
1389.4
1432.6
1463.0
1493.0666666666666
1527.8666666666666
1533.1333333333334
1509.0666666666666
1466.0666666666666
1415.3333333333333
1374.6666666666667
1354.0666666666666
1339.4666666666667
1340.7333333333333
1340.2666666666667
1372.5333333333333
1376.1333333333334
1401.6
1423.4666666666667
1466.8666666666666
1531.4
1588.4666666666667
1670.8
1683.9333333333334
1747.4666666666667
1781.2666666666667
1767.1333333333334
1751.2
1703.5333333333333
1655.2
1605.6666666666667
1559.8
1540.0
1527.5333333333333
1510.2666666666667
1509.1333333333334
1498.1333333333334
1492.8
1478.0666666666666
1492.2
1503.5333333333333
1554.4
1622.6666666666667
1672.6
1731.1333333333334
1750.5333333333333
1744.2
1726.8
1686.4666666666667
1638.4666666666667
1588.2666666666667
1563.1333333333334
1539.8
1517.4666666666667
1485.2
1427.3333333333333
1393.2
1337.5333333333333
1315.9333333333334
1304.1333333333334
1291.1333333333334
1321.7333333333333
1339.5333333333333
1387.6666666666667
1460.0666666666666
1525.4
1595.3333333333333
1638.1333333333334
1649.2666666666667
1629.1333333333334
1574.1333333333334
1492.6
1408.8
1338.1333333333334
1288.5333333333333
1273.7333333333333
1271.9333333333334
1282.8
1283.7333333333333
1330.4666666666667
1360.8666666666666
1409.2666666666667
1492.9333333333334
1556.7333333333333
1660.5333333333333
1739.4666666666667
1765.1333333333334
1771.6
1725.2
1635.3333333333333
1549.0
1459.2
1391.1333333333334
1351.0666666666666
1360.2666666666667
1414.6666666666667
1464.9333333333334
1522.5333333333333
1590.0
1639.7333333333333
1669.0
1687.2
1717.8666666666666
1714.0666666666666
1700.7333333333333
1679.8666666666666
1633.6
1589.4666666666667
1535.0666666666666
1496.7333333333333
1469.6
1457.4
1493.0666666666666
1511.0666666666666
1563.4666666666667
1595.2
1616.4
1615.1333333333334
1613.0
1592.2
1566.6666666666667
1554.4666666666667
1524.9333333333334
1493.4
1477.8
1442.2
1383.3333333333333
1340.7333333333333
1313.8
1298.3333333333333
1308.4666666666667
1341.1333333333334
1384.6666666666667
1424.6
1475.2666666666667
1499.0666666666666
1500.4
1490.5333333333333
1483.3333333333333
1432.9333333333334
1407.2666666666667
1397.2666666666667
1393.6666666666667
1411.8
1455.6666666666667
1527.5333333333333
1594.6666666666667
1658.0
1716.0666666666666
1765.9333333333334
1784.6
1769.4666666666667
1740.9333333333334
1682.6666666666667
1616.4666666666667
1549.0666666666666
1469.6
1391.4666666666667
1351.4
1339.0
1352.0
1388.8
1469.7333333333333
1550.2666666666667
1612.0666666666666
1651.0
1665.2666666666667
1663.0
1663.8
1651.1333333333334
1628.4666666666667
1606.2
1602.9333333333334
1579.9333333333334
1544.2
1519.5333333333333
1514.3333333333333
1513.3333333333333
1523.4
1560.4666666666667
1586.3333333333333
1594.8
1596.7333333333333
1556.1333333333334
1492.9333333333334
1413.0666666666666
1368.4666666666667
1328.2666666666667
1320.5333333333333
1421.2
1449.4666666666667
1467.9333333333334
1481.6666666666667
1510.9333333333334
1520.7333333333333
1526.6666666666667
1545.8666666666666
1576.1333333333334
1553.6666666666667
1549.4666666666667
1539.9333333333334
1490.4666666666667
1440.4666666666667
1394.4
1357.0
1338.2
1359.9333333333334
1405.1333333333334
1471.1333333333334
1517.5333333333333
1557.4666666666667
1584.0
1589.4
1589.9333333333334
1597.3333333333333
1607.4
1589.8666666666666
1604.4
1586.7333333333333
1572.0
1543.6666666666667
1497.9333333333334
1455.2666666666667
1419.4
1407.1333333333334
1463.4
1458.7333333333333
1481.9333333333334
1516.4666666666667
1539.2
1567.0666666666666
1606.6666666666667
1622.6666666666667
1630.7333333333333
1637.0
1637.7333333333333
1638.4
1620.8666666666666
1606.0
1551.4
1529.5333333333333
1504.7333333333333
1505.9333333333334
1518.2666666666667
1551.5333333333333
1602.2
1640.4666666666667
1684.4666666666667
1720.2666666666667
1718.7333333333333
1720.5333333333333
1706.2666666666667
1685.3333333333333
1647.4
1594.7333333333333
1547.2666666666667
1485.3333333333333
1424.5333333333333
1380.6666666666667
1349.4
1350.6
1365.0
1388.8666666666666
1410.7333333333333
1408.6666666666667
1416.1333333333334
1412.7333333333333
1418.5333333333333
1410.0
1440.0666666666666
1472.8
1491.5333333333333
1498.0
1492.0
1470.9333333333334
1431.5333333333333
1418.7333333333333
1391.7333333333333
1374.9333333333334
1391.4666666666667
1409.0666666666666
1418.6
1480.8666666666666
1556.6
1640.4666666666667
1719.6666666666667
1791.9333333333334
1830.8666666666666
1851.7333333333333
1853.2666666666667
1783.2666666666667
1735.6666666666667
1666.4666666666667
1588.2
1541.2666666666667
1485.2666666666667
1478.6
1499.9333333333334
1507.2
1552.6666666666667
1601.2666666666667
1635.5333333333333
1667.4666666666667
1696.4
1715.6666666666667
1698.6666666666667
1692.2666666666667
1686.6666666666667
1657.4
1615.8666666666666
1576.9333333333334
1530.6666666666667
1483.9333333333334
1449.2
1435.6666666666667
1433.8666666666666
1447.6666666666667
1471.9333333333334
1476.4666666666667
1478.7333333333333
1462.2
1415.6666666666667
1380.5333333333333
1345.9333333333334
1315.8666666666666
1317.8666666666666
1326.2666666666667
1361.4
1395.8666666666666
1404.1333333333334
1395.4666666666667
1386.0
1361.5333333333333
1358.9333333333334
1378.9333333333334
1411.8666666666666
1462.2
1521.4666666666667
1569.2666666666667
1591.2666666666667
1618.0666666666666
1613.8666666666666
1605.8666666666666
1608.4666666666667
1586.6666666666667
1620.7333333333333
1627.4
1653.9333333333334
1660.8666666666666
1649.4666666666667
1655.8666666666666
1656.6
1640.3333333333333
1659.6666666666667
1693.3333333333333
1722.9333333333334
1766.0
1817.4
1834.6666666666667
1814.6666666666667
1796.3333333333333
1755.6
1701.9333333333334
1646.8
1617.8666666666666
1583.2
1564.1333333333334
1554.4666666666667
1552.5333333333333
1536.1333333333334
1530.2
1513.0666666666666
1467.8
1434.6
1432.4666666666667
1424.0666666666666
1397.7333333333333
1403.0666666666666
1409.2
1380.2
1357.6666666666667
1338.0666666666666
1314.8
1299.6666666666667
1293.9333333333334
1299.1333333333334
1289.4
1290.7333333333333
1315.6666666666667
1332.2666666666667
1355.8
1479.8666666666666
1546.8666666666666
1569.0666666666666
1580.9333333333334
1582.0666666666666
1557.8
1537.0666666666666
1534.1333333333334
1533.1333333333334
1530.6
1509.4666666666667
1524.9333333333334
1501.2
1494.4666666666667
1502.6666666666667
1497.9333333333334
1520.6666666666667
1562.0666666666666
1595.4
1628.6
1652.8
1687.7333333333333
1684.2666666666667
1676.4666666666667
1674.0
1660.6
1665.4
1665.1333333333334
1670.2666666666667
1658.4666666666667
1639.7333333333333
1634.9333333333334
1641.5333333333333
1617.0
1623.6666666666667
1617.3333333333333
1597.5333333333333
1590.0
1599.4
1582.2666666666667
1587.4666666666667
1577.4666666666667
1588.5333333333333
1584.6666666666667
1559.8666666666666
1532.6666666666667
1485.8
1423.8
1374.8666666666666
1332.6666666666667
1291.6
1243.8666666666666
1244.4666666666667
1245.7333333333333
1272.0666666666666
1280.1333333333334
1315.8
1349.2666666666667
1360.4666666666667
1386.8666666666666
1389.4
1396.9333333333334
1415.7333333333333
1425.4666666666667
1435.0
1461.7333333333333
1473.0666666666666
1498.2666666666667
1493.8
1506.6
1490.3333333333333
1487.4666666666667
1476.4
1488.6
1501.1333333333334
1529.5333333333333
1561.5333333333333
1580.0
1599.4666666666667
1598.3333333333333
1574.5333333333333
1546.2
1528.3333333333333
1537.4
1535.9333333333334
1550.1333333333334
1565.6
1587.3333333333333
1601.8
1630.4666666666667
1640.1333333333334
1652.5333333333333
1690.6
1720.7333333333333
1744.6
1761.4
1775.8666666666666
1760.8
1742.8666666666666
1685.0666666666666
1656.8666666666666
1599.9333333333334
1538.9333333333334
1509.4
1483.2666666666667
1501.7333333333333
1447.6666666666667
1458.8
1471.8
1474.6666666666667
1468.0
1459.3333333333333
1461.4666666666667
1449.0666666666666
1466.2
1480.0666666666666
1496.0
1473.0
1444.4666666666667
1410.5333333333333
1366.0666666666666
1343.0666666666666
1304.2
1295.5333333333333
1317.2
1351.2666666666667
1362.7333333333333
1403.0
1403.4
1417.4
1444.0
1482.0
1524.0666666666666
1593.6666666666667
1662.7333333333333
1702.2666666666667
1717.8666666666666
1713.9333333333334
1683.6
1606.9333333333334
1551.4666666666667
1498.7333333333333
1466.0
1475.1333333333334
1477.1333333333334
1513.0
