1552
1619
1716
1732
1725
1675
1608
1532
1513
1525
1589
1588
1525
1411
1275
1070
888
711
606
610
654
779
706
779
925
987
1067
1283
1584
1819
2002
2210
2265
2177
2018
1759
1481
1302
1219
1176
1155
1280
1307
1429
1461
1503
1599
1717
1925
2114
2333
2433
2455
2416
2229
1985
1791
1610
1542
1460
1608
1666
1714
1653
1718
1634
1589
1449
1493
1488
1533
1523
1523
1408
1282
1060
853
760
660
622
675
780
870
933
988
970
1140
1309
1615
1894
2111
2316
2298
2246
2038
1749
1496
1274
1131
1170
1210
1285
1352
1436
1453
1508
1649
1778
1863
2043
2327
2396
2445
2402
2225
1926
1797
1678
1570
1559
1635
1707
1734
1757
1716
1584
1591
1540
1541
1586
1598
1588
1588
1486
1309
1091
912
738
611
676
662
771
801
868
935
1099
1224
1354
1617
1920
2150
2294
2241
2139
1903
1688
1471
1278
1192
1176
1231
1293
1384
1469
1468
1552
1620
1791
1998
2223
2373
2463
2405
2406
2208
1974
1790
1651
1491
1547
1601
1681
1682
1752
1670
1633
1572
1504
1517
1525
1565
1617
1498
1429
1267
990
902
768
637
642
615
737
814
878
959
1042
1189
1392
1643
1902
2124
2253
2265
2154
1914
1640
1406
1197
1130
1105
1154
1257
1365
1400
1468
1539
1646
1786
1877
2075
2285
2333
2416
2317
2129
1927
1754
1584
1520
1555
1565
1693
1737
1749
1648
1626
1547
1518
1495
1509
1547
1549
1396
1305
1129
924
740
620
591
619
670
745
904
960
1099
1242
1449
1642
1836
2073
2203
2132
2090
1878
1659
1420
1263
1157
1130
1204
1240
1348
1428
1449
1529
1652
1730
1914
2101
2253
2330
2342
2266
2105
1910
1745
1589
1536
1536
1540
1653
1736
1660
1715
1668
1611
1536
1546
1483
1558
1549
1475
1338
1196
987
832
722
660
650
690
772
815
944
1030
1126
1326
1548
1791
2005
2139
2209
2132
1982
1768
1557
1333
1191
1142
1126
1221
1304
1403
1434
1521
1638
1732
1908
2077
2267
2265
2352
2249
2124
1982
1784
1614
1556
1548
1601
1674
1738
1741
1687
1682
1608
1612
1566
1567
1579
1503
1556
1435
1259
1114
900
777
687
754
776
812
872
963
1083
1200
1340
1598
1793
1988
2143
2173
2128
1958
1760
1631
1392
1289
1219
1183
1210
1320
1383
1411
1492
1596
1676
1746
1986
2077
2207
2299
2281
2124
1986
1772
1634
1563
1478
1581
1645
1721
1736
1730
1683
1621
1572
1577
1512
1514
1569
1565
1452
1294
1199
976
866
787
741
700
776
861
935
987
1050
1241
1377
1603
1834
2041
2048
2137
2094
1905
1667
1482
1311
1227
1213
1253
1296
1348
1417
1453
1537
1606
1702
1854
2012
2146
2262
2301
2244
2074
1892
1766
1634
1598
1564
1642
1665
1726
1677
1695
1667
1607
1567
1520
1569
1598
1597
1525
1425
1265
1051
936
801
760
777
819
806
889
1026
1062
1072
1220
1296
1564
1803
2035
2127
2086
2016
1876
1631
1493
1352
1281
1272
1315
1288
1370
1441
1413
1514
1606
1645
1856
2052
2147
2252
2259
2193
2067
1900
1737
1611
1536
1595
1640
1696
1666
1719
1664
1633
1563
1518
1482
1557
1581
1581
1453
1404
1285
1156
972
846
808
772
885
893
978
953
1060
1100
1170
1321
1556
1726
1867
2093
2094
1976
1904
1717
1519
1373
1335
1302
1284
1369
1412
1404
1459
1484
1521
1618
1788
1893
2110
2221
2270
2251
2138
2027
1869
1746
1653
1570
1637
1705
1677
1716
1697
1636
1579
1520
1510
1532
1516
1584
1567
1484
1349
1244
1041
935
837
837
820
924
985
957
1031
1032
1091
1212
1360
1618
1791
1961
2064
2067
1997
1835
1595
1461
1341
1262
1279
1313
1393
1361
1426
1446
1485
1532
1683
1805
1986
2136
2238
2272
2183
2070
1914
1773
1658
1592
1639
1700
1710
1737
1719
1678
1613
1548
1538
1525
1560
1570
1561
1498
1416
1295
1111
912
828
806
796
873
913
913
1002
1025
1118
1149
1337
1553
1656
1894
2080
2048
1964
1827
1641
1497
1299
1297
1294
1264
1374
1424
1441
1422
1448
1484
1638
1821
2028
2107
2251
2234
2176
2052
1931
1764
1656
1634
1631
1647
1642
1712
1712
1661
1618
1567
1526
1529
1497
1558
1576
1552
1468
1252
1144
1061
902
807
778
810
886
960
988
1020
1024
1086
1232
1348
1616
1843
1982
2067
2055
1978
1825
1645
1474
1353
1361
1361
1285
1427
1456
1477
1491
1477
1602
1701
1865
2036
2194
2230
2305
2226
2090
1990
1835
1732
1675
1674
1727
1731
1739
1775
1709
1661
1608
1548
1522
1556
1573
1521
1546
1415
1290
1154
974
795
773
778
808
897
927
987
1004
1039
1110
1216
1387
1644
1822
2008
2085
2034
1950
1851
1595
1450
1341
1312
1299
1374
1428
1457
1491
1480
1490
1628
1742
1925
2041
2197
2228
2329
2250
2107
1972
1802
1696
1671
1648
1601
1681
1716
1748
1662
1646
1586
1505
1504
1514
1530
1536
1488
1402
1323
1149
999
865
750
755
765
790
884
925
945
984
1072
1112
1378
1634
1773
1978
2063
2066
1957
1823
1579
1441
1348
1302
1287
1342
1441
1468
1456
1509
1564
1636
1792
1988
2178
2289
2337
2273
2214
1971
1859
1745
1643
1644
1666
1689
1708
1721
1684
1581
1542
1414
1474
1479
1512
1539
1462
1374
1208
1048
899
829
731
751
776
837
904
931
952
996
1088
1269
1436
1651
1917
2064
2097
2067
1957
1768
1554
1395
1315
1232
1307
1367
1427
1414
1476
1519
1629
1685
1859
2003
2155
2286
2389
2289
2245
2070
1941
1855
1732
1697
1651
1698
1718
1718
1710
1661
1653
1473
1518
1444
1553
1529
1536
1467
1380
1217
1031
788
756
733
638
776
814
787
939
962
1062
1131
1353
1497
1706
1943
2139
2157
2084
1940
1785
1612
1431
1337
