1555
1438
1365
1260
1202
1175
1193
1264
1326
1377
1380
1350
1221
1108
1037
1010
1052
1123
1213
1296
1418
1558
1684
1848
1981
2120
2146
2162
2023
1826
1621
1413
1338
1211
1209
1234
1293
1499
1703
1920
2105
2293
2404
2378
2246
2075
1884
1763
1659
1585
1467
1378
1319
1218
1176
1130
1172
1221
1321
1361
1342
1291
1146
1077
1041
1003
1091
1158
1208
1388
1452
1619
1745
1878
2012
2058
2077
1983
1832
1684
1507
1314
1219
1130
1163
1221
1384
1551
1827
2074
2254
2369
2291
2197
2009
1864
1688
1592
1515
1404
1298
1222
1164
1139
1059
1128
1184
1275
1312
1302
1250
1132
1066
1003
999
1090
1143
1233
1362
1422
1620
1722
1868
1991
2042
2043
2004
1855
1730
1546
1377
1254
1183
1193
1200
1295
1483
1698
2017
2203
2298
2315
2216
2153
1945
1820
1622
1582
1496
1336
1305
1225
1128
1078
1051
1152
1213
1267
1292
1273
1163
1028
1001
965
1051
1126
1196
1284
1400
1554
1675
1829
1970
2021
2004
2020
1791
1654
1469
1260
1201
1115
1145
1147
1291
1501
1753
1970
2135
2240
2196
2072
1961
1816
1679
1604
1508
1382
1272
1163
1057
1008
996
1075
1123
1178
1219
1158
1121
972
928
905
949
1044
1106
1141
1273
1366
1510
1675
1865
1992
2059
2056
1971
1749
1527
1343
1206
1155
1129
1187
1252
1442
1633
1905
2100
2227
2318
2272
2175
1972
1816
1723
1588
1509
1381
1253
1208
1081
1049
1024
1116
1147
1230
1279
1253
1196
1055
1022
1003
986
1078
1146
1180
1331
1415
1577
1713
1880
2026
2082
2049
1992
1774
1572
1435
1290
1200
1156
1213
1293
1466
1744
1910
2057
2219
2280
2214
2093
1982
1843
1761
1685
1587
1390
1272
1170
1082
999
1048
1122
1185
1253
1273
1240
1153
1066
1040
1003
1041
1136
1205
1200
1287
1413
1541
1683
1902
2070
2119
2111
2054
1808
1624
1479
1257
1232
1190
1244
1315
1471
1690
1864
2079
2239
2282
2238
2144
1985
1902
1801
1709
1598
1440
1286
1188
1080
1041
1022
1121
1190
1249
1291
1248
1149
1069
1013
1015
1026
1133
1205
1214
1328
1435
1563
1758
1979
2132
2193
2184
2062
1873
1669
1451
1285
1208
1202
1249
1317
1500
1664
2001
2120
2321
2378
2258
2176
2054
1900
1788
1671
1551
1428
1279
1211
1108
1086
1039
1136
1187
1254
1309
1265
1200
1070
1061
1027
1064
1167
1240
1251
1339
1426
1590
1739
1958
2106
2216
2236
2179
2007
1774
1516
1325
1280
1228
1310
1339
1527
1720
2072
2185
2328
2387
2247
2185
2040
1962
1834
1768
1634
1494
1316
1229
1120
1108
1139
1279
1324
1358
1353
1279
1191
1068
1084
1066
1181
1233
1297
1270
1372
1441
1606
1839
2079
2274
2347
2331
2201
1917
1680
1509
1296
1263
1261
1338
1376
1616
1797
2089
2293
2406
2476
2381
2269
2056
1927
1733
1631
1508
1440
1302
1216
1136
1047
1104
1184
1259
1298
1342
1297
1221
1100
1091
1068
1140
1191
1213
1307
1422
1598
1742
1928
2132
2234
2263
2209
2064
1820
1580
1392
1279
1219
1222
1246
1372
1602
1840
2159
2373
2442
2467
2277
2131
1862
1788
1590
1563
1435
1322
1192
1059
1015
1001
1102
1186
1260
1344
1291
1237
1087
1030
995
1016
1116
1224
1264
1378
1504
1646
1835
1989
2160
2166
2207
2080
1886
1633
1407
1253
1158
1159
1237
1306
1551
1791
2045
2208
2316
2422
2301
2178
1982
1836
1657
1573
1436
1277
1191
1097
1043
981
1049
1114
1180
1236
1267
1212
1143
1014
1014
953
1069
1097
1118
1299
1391
1590
1744
1939
2149
2222
2227
2088
1909
1664
1490
1306
1208
1124
1167
1218
1414
1624
1912
2119
2327
2420
2329
2228
2042
1853
1790
1645
1515
1389
1222
1136
1036
1007
984
1083
1140
1233
1252
1187
1133
1022
990
984
1009
1109
1172
1188
1363
1453
1620
1802
1997
2214
2260
2240
2117
1918
1723
1376
1182
1121
1158
1223
1372
1569
1811
1822
1615
1477
1288
1201
1043
1014
974
1101
1167
1245
1277
1218
1173
1052
992
969
989
1107
1165
1184
1246
1286
1460
1659
1877
2114
2235
2230
2182
1971
1716
1506
1267
1215
1141
1187
1258
1317
1543
1819
2038
2287
2402
2446
2326
2173
1967
1753
1617
1475
1432
1270
1192
1081
972
966
971
1040
1138
1210
1263
1161
1114
1003
950
948
985
1083
1124
1216
1325
1468
1622
1810
1947
2126
2155
2145
1970
1739
1557
1355
1243
1105
1094
1139
1184
1509
1691
1963
2150
2288
2367
2237
2121
2016
1812
1719
1607
1415
1261
1147
1063
964
953
1025
1110
1173
1231
1211
1186
1094
983
996
1017
1029
1100
1148
1199
1260
1446
1584
1838
2039
2196
2222
2177
1981
1750
1574
1371
1279
1154
1183
1270
1403
1564
1721
1964
2193
2251
2315
2262
2140
2010
1910
1722
1552
1439
1254
1194
1092
1064
1042
1053
1129
1175
1230
1243
1193
1147
1077
1041
1046
1057
1123
1156
1186
1247
1343
1511
1793
2009
2216
2227
2189
2088
1833
1648
1481
1313
1243
1221
1216
1279
1387
1671
1900
2173
2334
2378
2252
2220
2112
1890
1777
1661
1462
1331
1224
1155
1027
1043
1041
1140
1224
1269
1282
1184
1117
1036
1019
1044
1113
1168
1194
1199
1292
1385
1592
1798
1979
2231
2250
2202
2049
1778
1560
1358
1312
1224
1254
1305
1393
1588
1745
2031
2235
2327
2417
2315
2203
2011
1816
1705
1505
1417
1268
1190
1095
1006
1010
1085
1157
1200
1246
1255
1174
1117
1045
1001
1007
1053
1146
1164
1231
1325
1497
1650
1838
1996
2158
2191
2128
1940
1729
1509
1387
1309
1227
1243
1262
1380
1619
1840
1990
2194
2288
2297
2240
2145
1971
1874
1764
1605
1466
1306
1180
1050
1018
1044
1081
1127
1185
1273
1253
1194
1115
1024
990
1001
1052
1096
1183
1163
1194
1280
1396
1500
1773
1992
2203
2232
2197
1974
