2003
1904
1708
1483
1313
1207
1169
1188
1284
1394
1500
1548
1580
1624
1673
1734
1782
1824
1800
1714
1636
1545
1452
1390
1388
1387
1400
1385
1411
1373
1349
1322
1277
1247
1230
1179
1143
1117
1105
1064
1067
1084
1076
1055
1228
1296
1301
1296
1363
1510
1674
1897
2088
2170
2146
2026
1865
1673
1493
1364
1330
1400
1506
1586
1654
1703
1719
1712
1766
1850
1957
2056
2068
2032
1917
1776
1615
1522
1474
1499
1543
1582
1607
1598
1550
1472
1423
1393
1372
1344
1320
1304
1278
1241
1207
1176
1162
1153
1133
1121
1066
1019
932
863
846
872
1103
1461
1800
2192
2402
2468
2391
2205
1928
1603
1404
1263
1252
1250
1317
1317
1347
1358
1424
1527
1665
1885
2014
2121
2173
2068
1865
1649
1467
1354
1327
1353
1482
1549
1644
1692
1703
1750
1822
1947
1939
1995
2001
1867
1752
1671
1526
1478
1433
1527
1556
1567
1570
1548
1469
1467
1398
1401
1356
1337
1263
1225
1165
1120
1098
1097
1102
1094
1105
1038
1009
945
838
820
851
1075
1385
1690
2094
2354
2452
2340
2117
1811
1597
1370
1245
1255
1245
1327
1310
1337
1338
1391
1493
1647
1830
2026
2140
2163
2107
1962
1738
1548
1379
1306
1328
1437
1545
1631
1664
1729
1778
1864
1934
1981
2006
1955
1849
1724
1584
1509
1477
1492
1514
1539
1512
1511
1485
1460
1449
1427
1405
1347
1295
1229
1152
1128
1113
1117
1106
1108
1092
1069
1001
939
874
805
749
854
1063
1463
1807
2201
2369
2450
2388
2183
1918
1600
1400
1240
1249
1191
1236
1271
1286
1308
1344
1458
1607
1782
1978
2122
2178
2121
1981
1752
1568
1439
1306
1292
1338
1463
1529
1650
1694
1716
1790
1852
1927
1940
1982
1923
1840
1727
1622
1542
1492
1499
1500
1529
1536
1520
1499
1454
1436
1409
1381
1318
1281
1234
1163
1139
1118
1115
1123
1102
1101
1060
1033
966
876
804
812
888
1117
1443
1815
2198
2406
2469
2272
2092
1849
1568
1357
1284
1219
1237
1286
1287
1310
1327
1431
1571
1758
1986
2132
2204
2205
2071
1911
1666
1500
1363
1353
1370
1436
1551
1621
1714
1741
1846
1910
1988
2004
2005
1981
1832
1720
1620
1554
1496
1511
1504
1518
1512
1487
1460
1428
1403
1413
1377
1340
1267
1188
1107
1078
1059
1054
1076
1064
1106
1081
1024
949
868
779
726
768
1032
1410
1773
2209
2390
2486
2411
2149
1878
1576
1371
1247
1240
1218
1273
1246
1240
1236
1298
1433
1593
1764
1992
2118
2215
2163
1984
1755
1536
1401
1288
1319
1371
1519
1601
1681
1723
1728
1803
1858
1880
1936
1942
1844
1786
1676
1617
1530
1526
1502
1518
1519
1462
1462
1411
1389
1391
1368
1309
1257
1165
1124
1064
1032
1044
1063
1101
1140
1114
1075
1025
923
815
720
764
916
1213
1515
1891
2233
2461
2475
2230
2048
1741
1561
1369
1315
1286
1285
1287
1236
1236
1224
1338
1495
1719
2004
2152
2231
2189
2057
1829
1574
1408
1316
1317
1428
1570
1645
1742
1736
1731
1717
1792
1853
1910
1940
1920
1821
1726
1597
1481
1456
1454
1471
1470
1490
1480
1443
1366
1323
1257
1204
1148
1096
1080
1058
1061
1034
1078
1052
1073
1046
1004
929
841
726
705
772
986
1397
1807
2198
2442
2506
2350
2123
1824
1536
1335
1242
1225
1228
1272
1238
1212
1203
1270
1368
1613
1833
2080
2197
2232
2110
1898
1626
1430
1344
1316
1381
1508
1631
1731
1797
1776
1838
1860
1907
1944
1970
1936
1836
1768
1711
1629
1560
1548
1525
1506
1511
1514
1497
1464
1405
1369
1301
1227
1154
1093
1048
1056
1074
1102
1123
1133
1116
1094
1031
933
841
829
894
1190
1517
1837
2202
2454
2513
2350
2134
1794
1566
1386
1350
1340
1364
1403
1353
1341
1314
1381
1506
1695
1941
2152
2240
2216
2086
1952
1702
1502
1378
1398
1496
1657
1755
1856
1881
1871
1822
1851
1877
1924
1977
1991
1982
1899
1810
1703
1628
1564
1574
1552
1597
1626
1627
1581
1537
1440
1375
1300
1263
1217
1223
1242
1242
1256
1248
1239
1192
1154
1099
1009
950
942
1018
1271
1621
1957
2312
2476
2490
2344
2179
1884
1644
1468
1390
1372
1368
1379
1332
1313
1328
1418
1570
1790
2011
2142
2169
2125
1946
1710
1515
1371
1337
1374
1508
1660
1754
1837
1838
1842
1768
1770
1738
1733
1733
1736
1689
1656
1612
1566
1510
1433
1439
1408
1413
1434
1418
1381
1296
1238
1108
1022
953
952
981
1007
1081
1101
1095
1095
1061
979
901
884
879
993
1261
1560
1872
2134
2243
2229
2097
1884
1681
1459
1342
1322
1317
1307
1317
1310
1274
1293
1380
1504
1637
1838
2008
2069
2028
1931
1745
1572
1470
1388
1381
1454
1569
1686
1770
1798
1811
1761
1774
1800
1825
1872
1906
1876
1809
1726
1641
1565
1519
1490
1504
1512
1506
1501
1474
1428
1383
1336
1279
1229
1205
1156
1158
1170
1146
1168
1147
1162
1117
1081
1013
916
897
938
1085
1333
1666
1965
2271
2334
2333
2146
1936
1741
1551
1408
1376
1331
1352
1318
1296
1275
1287
1392
1530
1758
1925
2102
2137
2122
1997
1783
1594
1460
1421
1477
1589
1680
1773
1835
1802
1773
1720
1701
1684
1700
1721
1724
1718
1676
1613
1565
1510
1475
1450
1435
1413
1393
1346
1297
1230
1155
1088
1033
1005
1016
1045
1069
1084
1089
1108
1082
1042
980
896
920
928
1107
1459
1748
2050
2236
2304
2195
2054
1808
1568
1376
1324
1305
1295
1335
1338
1334
1283
1342
1421
1551
1702
1921
2024
2068
2014
1860
1674
1473
1383
1357
1369
1489
1619
1702
1781
1805
1787
1744
1743
1742
1735
1741
1739
1734
1696
1648
1634
1589
1529
1513
1472
1435
1403
1378
1318
1300
1237
1196
1137
1112
1110
1124
1142
1166
1196
1188
1173
1141
1066
1005
941
1003
1110
1414
