1840
2263
2548
2731
2788
2562
2303
1932
1599
1301
1165
1156
1163
1215
1359
1432
1475
1531
1581
1618
1729
1925
2146
2303
2473
2541
2448
2279
2076
1791
1522
1355
1257
1240
1279
1360
1448
1500
1580
1612
1588
1603
1618
1620
1636
1648
1621
1556
1406
1289
1129
928
796
681
593
630
698
731
807
878
874
825
750
702
880
1055
1261
1772
2233
2501
2726
2707
2461
2200
1878
1560
1275
1129
1157
1157
1263
1380
1438
1467
1533
1593
1681
1846
2048
2198
2363
2486
2530
2404
2191
1950
1676
1492
1345
1284
1298
1368
1458
1518
1567
1624
1635
1620
1647
1651
1653
1672
1658
1638
1541
1421
1278
1087
894
787
714
680
722
791
853
935
971
971
943
888
775
853
1068
1260
1666
2043
2338
2524
2670
2561
2323
2035
1697
1432
1259
1217
1238
1233
1346
1453
1465
1498
1539
1580
1645
1792
1987
2160
2334
2423
2409
2304
2124
1900
1642
1453
1337
1291
1295
1328
1414
1479
1516
1574
1592
1578
1582
1600
1622
1642
1650
1596
1530
1408
1295
1181
994
846
747
694
726
796
858
912
970
1002
963
866
793
816
1011
1157
1466
1974
2289
2548
2677
2591
2410
2218
1885
1594
1342
1226
1257
1253
1325
1416
1468
1486
1532
1589
1658
1792
1951
2134
2291
2414
2486
2355
2158
1955
1745
1566
1408
1312
1306
1333
1434
1499
1518
1565
1616
1608
1605
1632
1637
1648
1645
1638
1564
1430
1294
1124
949
838
765
705
737
809
867
904
968
963
945
875
797
819
1015
1244
1636
2082
2311
2516
2636
2505
2274
1936
1664
1445
1299
1219
1247
1261
1368
1432
1457
1498
1529
1608
1721
1911
2134
2314
2412
2486
2408
2249
2047
1797
1585
1446
1372
1358
1379
1440
1516
1547
1594
1644
1630
1625
1684
1695
1713
1709
1692
1630
1513
1411
1281
1098
952
867
809
821
879
937
1006
1061
1078
1055
978
899
867
977
1171
1436
1890
2264
2505
2660
2611
2459
2173
1856
1625
1405
1315
1341
1323
1374
1461
1481
1500
1526
1600
1697
1828
1982
2197
2343
2443
2482
2372
2191
2004
1821
1588
1439
1365
1360
1408
1488
1518
1555
1608
1638
1610
1654
1676
1692
1678
1704
1669
1574
1447
1304
1118
950
880
803
749
785
851
927
974
1004
997
944
874
779
851
1064
1310
1711
2084
2354
2593
2685
2539
2262
1955
1648
1449
1248
1210
1222
1239
1393
1424
1445
1504
1551
1652
1792
2002
2228
2361
2443
2484
2360
2163
1940
1642
1452
1326
1277
1292
1314
1408
1490
1526
1595
1598
1617
1636
1658
1645
1666
1657
1611
1493
1393
1249
1062
887
788
708
710
738
783
845
916
941
960
905
808
766
846
1061
1304
1789
2155
2427
2608
2630
2488
2205
1868
1582
1330
1180
1204
1201
1267
1379
1409
1433
1471
1546
1626
1756
1916
2150
2306
2432
2454
2353
2185
2012
1777
1522
1386
1302
1281
1321
1396
1475
1514
1572
1628
1632
1658
1678
1679
1683
1686
1659
1574
1449
1306
1136
966
865
769
721
741
799
872
936
962
989
958
878
801
833
1042
1257
1644
2008
2319
2563
2667
2526
2292
1948
1718
1541
1280
1205
1204
1221
1337
1421
1431
1458
1505
1559
1667
1807
2031
2237
2368
2450
2485
2354
2172
1926
1657
1447
1348
1309
1293
1323
1422
1483
1531
1605
1628
1625
1639
1652
1677
1693
1673
1644
1569
1476
1324
1171
978
838
750
696
718
771
844
932
984
985
926
870
780
794
986
1197
1600
2040
2357
2586
2699
2618
2379
2055
1716
1459
1204
1157
1181
1180
1283
1388
1411
1437
1503
1561
1674
1830
2055
2252
2376
2467
2393
2206
2056
1788
1541
1361
1265
1252
1273
1345
1425
1488
1527
1602
1602
1614
1634
1632
1645
1647
1602
1566
1453
1316
1148
972
859
730
676
669
733
791
863
924
947
932
860
750
784
991
1197
1538
1877
2257
2546
2694
2640
2401
2088
1774
1545
1269
1127
1179
1165
2025
1596
1310
1199
1217
1237
1347
1434
1456
1481
1528
1588
1698
1862
2074
2217
2334
2458
2440
2255
2073
1816
1585
1421
1299
1236
1234
1303
1406
1469
1540
1597
1607
1605
1624
1628
1620
1609
1603
1564
1452
1339
1168
1008
876
758
695
695
703
778
859
922
961
949
890
849
789
886
1062
1309
1728
2161
2392
2566
2662
2525
2266
1969
1651
1379
1223
1187
1195
1220
1337
1423
1479
1522
1551
1592
1673
1803
2043
2244
2374
2481
2470
2366
2188
1948
1680
1452
1305
1252
1250
1291
1406
1487
1537
1640
1641
1663
1672
1653
1660
1657
1648
1619
1542
1438
1310
1192
1015
864
778
734
742
805
873
943
1007
1013
982
888
838
950
1115
1323
1746
2156
2444
2653
2668
2485
2262
1963
1642
1371
1202
1214
1216
1295
1414
1465
1516
1560
1628
1726
1842
2028
2194
2340
2486
2490
2343
2153
1909
1658
1483
1337
1267
1231
1317
1429
1494
1550
1612
1666
1652
1643
1656
1652
1637
1631
1590
1498
1394
1257
1077
924
803
741
698
737
807
877
934
998
986
950
857
884
1068
1241
1624
2044
2302
2547
2677
2616
2399
2106
1763
1431
1210
1160
1156
1175
1304
1426
1475
1541
1603
1635
1722
1869
2054
2246
2369
2445
2411
2310
2151
1888
1609
1437
1292
1242
1249
1308
1413
1491
1573
1648
1658
1660
1662
1646
1627
1611
1600
1525
1436
1331
1213
1080
936
818
724
700
760
801
854
933
984
944
869
886
1058
1197
1404
1886
2211
2480
2662
2644
2442
2174
1928
1610
1314
1168
1136
1127
1246
1381
1430
1501
1585
1645
1728
1850
2036
2174
2265
2405
2464
2352
2192
1997
1715
1525
1384
1273
1232
1255
1377
1459
1536
1630
1675
1657
1664
1656
1610
1611
1599
1553
1485
1392
1321
1154
