1896
2145
2346
2398
2366
2160
1979
1748
1560
1410
1312
1344
1366
1387
1452
1497
1551
1659
1821
1988
2116
2262
2349
2294
2178
2000
1831
1669
1591
1592
1579
1608
1665
1644
1648
1655
1636
1639
1559
1649
1648
1615
1594
1561
1474
1367
1277
1173
1068
1027
1020
1002
1014
1028
1037
996
932
910
883
854
870
919
957
1016
1092
1075
1170
1373
1549
1798
2128
2288
2357
2325
2165
2004
1807
1629
1481
1380
1390
1424
1456
1505
1537
1584
1632
1717
1905
2031
2157
2257
2261
2228
2121
2005
1832
1712
1666
1645
1649
1659
1700
1658
1652
1659
1645
1599
1612
1620
1628
1601
1578
1492
1402
1307
1247
1154
1082
1069
1045
1056
1078
1086
1047
1023
978
899
876
886
896
928
961
978
997
1034
1268
1472
1689
2013
2280
2424
2421
2353
2126
1880
1717
1567
1433
1375
1420
1425
1445
1434
1500
1539
1625
1806
1981
2129
2294
2312
2274
2147
2041
1863
1722
1646
1634
1620
1635
1673
1665
1645
1627
1603
1588
1538
1586
1606
1586
1589
1492
1424
1320
1259
1164
1097
1049
1006
1041
1051
1070
1039
996
955
893
841
810
837
865
879
865
942
954
991
1197
1435
1691
2053
2277
2429
2455
2396
2118
1836
1666
1515
1404
1391
1439
1409
1456
1440
1504
1529
1631
1809
1962
2160
2334
2311
2263
2176
2039
1850
1730
1702
1660
1658
1690
1708
1670
1617
1590
1593
1565
1569
1611
1629
1610
1608
1556
1452
1342
1254
1177
1134
1089
1076
1069
1075
1062
1026
992
950
893
843
824
846
907
935
990
1021
954
1092
1302
1541
1810
2201
2398
2474
2486
2357
2132
1867
1685
1506
1403
1450
1467
1464
1483
1508
1529
1557
1677
1873
2028
2219
2363
2363
2276
2142
2051
1831
1683
1682
1603
1633
1676
1651
1636
1643
1579
1574
1560
1599
1606
1576
1593
1571
1476
1414
1314
1169
1097
1059
1048
1030
1015
1047
995
964
932
851
830
795
813
838
864
940
907
954
1165
1395
1675
2034
2335
2491
2494
2480
2277
2039
1802
1632
1473
1391
1414
1402
1399
1406
1447
1490
1558
1764
1914
2018
2205
2370
2370
2241
2137
1996
1796
1679
1662
1621
1581
1581
1610
1589
1590
1580
1504
1537
1547
1612
1563
1598
1606
1536
1453
1368
1244
1117
1059
1036
1030
1025
1024
1035
988
943
888
832
737
765
793
814
856
906
919
1012
1185
1408
1699
2027
2324
2470
2500
2428
2227
1989
1794
1626
1467
1414
1436
1399
1432
1461
1479
1550
1664
1856
2021
2229
2333
2375
2304
2215
2018
1871
1740
1622
1631
1585
1609
1635
1596
1606
1593
1566
1560
1565
1609
1635
1640
1652
1558
1474
1412
1296
1179
1106
1052
1025
1016
1007
1044
1020
924
930
826
824
814
811
833
911
969
971
1102
1339
1543
1776
1061
1038
1049
1060
1059
985
961
910
857
834
851
894
931
951
973
1030
1255
1461
1709
2040
2268
2444
2461
2426
2259
1971
1785
1616
1430
1422
1429
1387
1395
1449
1461
1526
1551
1731
1922
2059
2233
2339
2281
2198
2088
1885
1770
1674
1619
1581
1569
1638
1616
1625
1612
1616
1575
1596
1645
1642
1643
1657
1610
1512
1397
1277
1170
1091
1042
1011
1038
1070
1092
1057
1017
986
915
869
880
880
911
953
981
983
1127
1298
1521
1828
2132
2343
2443
2451
2286
2142
1901
1720
1546
1423
1427
1419
1401
1455
1507
1540
1640
1830
1993
2173
2283
2351
2278
2181
2003
1862
1730
1693
1623
1610
1625
1649
1627
1602
1606
1598
1579
1626
1661
1665
1612
1637
1522
1429
1328
1243
1113
1028
1036
1010
1020
1053
1073
1025
973
928
851
826
843
871
881
939
964
967
1056
1274
1491
1689
2033
2298
2422
2415
2320
2095
1906
1752
1603
1429
1416
1417
1426
1422
1455
1491
1519
1588
1792
1922
2099
2286
2322
2308
2194
2071
1897
1741
1664
1645
1603
1577
1606
1631
1581
1560
1579
1548
1559
1549
1620
1604
1613
1570
1422
1350
1281
1210
1085
1046
1014
991
1016
1046
1042
972
926
903
844
815
816
862
864
928
955
1013
1173
1404
1646
1952
2211
2396
2460
2434
2290
2049
1816
1660
1512
1416
1419
1426
1423
1436
1505
1545
1595
1696
1916
2037
2260
2346
2296
2151
2061
1897
1773
1700
1603
1657
1656
1680
1636
1602
1595
1581
1571
1593
1620
1603
1619
1560
1505
1421
1328
1234
1145
1081
1049
1030
993
1013
1007
1004
949
918
877
840
818
883
888
898
934
948
985
1210
1443
1725
2101
2356
2464
2463
2432
2234
1947
1761
1558
1470
1416
1436
1427
1442
1444
1477
1520
1609
1755
1886
2068
2211
2342
2339
2229
2087
1965
1847
1719
1700
1687
1643
1642
1657
1605
1548
1549
1561
1515
1528
1596
1605
1596
1591
1513
1436
1310
1240
1140
1048
1047
1011
1003
1006
1008
970
929
906
866
828
814
819
864
866
915
905
1039
1238
1455
1774
2069
2361
2465
2465
2344
2139
1868
1669
1505
1381
1406
1351
1386
1413
1411
1512
1574
1743
1938
2068
2216
2328
2316
2169
2087
1951
1795
1707
1656
1679
1653
1674
1631
1606
1574
1547
1559
1560
1589
1620
1615
1611
1560
1468
1389
1291
1192
1104
1039
1034
976
978
975
982
953
904
872
820
778
797
822
863
896
907
936
1118
1382
1586
1817
2146
2398
2495
2478
2338
2094
1886
1725
1583
1426
1411
1425
1374
1432
1458
1490
1565
1679
1914
2048
2260
2384
2371
2264
2140
1960
1806
1727
1715
1658
1602
1652
1652
1603
1564
1582
1554
1546
1593
1635
1632
1588
1548
1486
1385
1295
1205
1122
1055
1008
1037
1039
1042
1052
975
947
918
891
857
852
900
905
945
966
1018
1083
1261
1492
1789
2081
2287
2469
2466
2484
2317
2029
1823
1622
1581
1440
1466
