867
813
757
686
692
880
1190
1601
1937
2312
2519
2485
2290
1930
1554
1230
1061
975
1023
1153
1327
1454
1525
1608
1659
1757
1880
2008
2143
2169
2101
1961
1782
1538
1314
1178
1262
1388
1613
1780
1859
1904
1875
1833
1786
1734
1734
1711
1683
1632
1560
1496
1411
1391
1386
1390
1417
1420
1422
1403
1349
1298
1241
1196
1132
1082
1029
969
906
857
785
738
687
754
966
1329
1829
2240
2496
2510
2433
2183
1838
1456
1184
1013
1019
1116
1221
1364
1492
1585
1644
1712
1841
1937
2102
2192
2178
2054
1836
1578
1336
1254
1282
1387
1615
1810
1914
1934
1903
1870
1806
1766
1746
1737
1721
1664
1608
1540
1464
1428
1422
1428
1449
1444
1436
1406
1365
1317
1267
1213
1166
1094
1049
1018
942
874
804
735
739
884
1194
1547
1992
2398
2593
2557
2324
1925
1537
1274
1033
956
1082
1239
1420
1525
1567
1631
1718
1812
1945
2113
2218
2216
2128
1957
1665
1369
1168
1228
1359
1591
1778
1929
1996
1979
1888
1793
1718
1722
1726
1718
1700
1644
1583
1475
1447
1432
1412
1428
1464
1451
1418
1369
1332
1263
1209
1169
1098
1050
979
944
899
814
770
733
892
1152
1583
2025
2426
2637
2657
2484
2159
1709
1275
1023
926
982
1090
1268
1461
1575
1659
1733
1811
1921
2044
2183
2248
2200
2010
1735
1437
1249
1169
1216
1411
1715
1957
2095
2102
2041
1920
1786
1719
1683
1667
1661
1622
1604
1510
1471
1439
1409
1427
1438
1435
1422
1379
1334
1256
1180
1110
1039
980
931
878
821
741
664
661
843
1143
1592
2080
2527
2708
2600
2290
1806
1385
998
840
858
988
1199
1379
1507
1570
1651
1722
1827
2001
2156
2244
2209
2094
1828
1509
1243
1117
1147
1321
1563
1753
1925
1983
1987
1917
1809
1746
1723
1704
1669
1630
1593
1489
1449
1421
1406
1409
1421
1428
1409
1366
1314
1228
1186
1128
1070
985
951
915
846
758
688
653
741
937
1368
1875
2326
2682
2723
2585
2219
1736
1298
989
869
934
1038
1185
1398
1522
1612
1664
1756
1865
2002
2156
2253
2243
2099
1791
1450
1162
1056
1125
1324
1618
1940
2096
2135
2062
1947
1814
1692
1684
1690
1689
1665
1618
1568
1466
1394
1398
1381
1428
1466
1458
1431
1380
1292
1206
1108
1026
948
897
873
856
824
757
685
781
993
1350
1728
2187
2560
2693
2586
2255
1758
1377
1094
886
861
979
1178
1406
1522
1624
1678
1729
1832
1969
2117
2201
2206
2093
1888
1563
1279
1143
1149
1309
1592
1808
1964
2057
2054
1950
1840
1757
1704
1678
1659
1641
1578
1530
1458
1430
1416
1416
1451
1461
1446
1422
1373
1279
1177
1124
1052
978
924
887
867
800
772
729
752
930
1280
1751
2179
2566
2695
2595
2276
1834
1382
1044
885
935
1060
1214
1427
1551
1652
1713
1786
1892
2000
2109
2221
2202
2081
1822
1496
1214
1054
1056
1213
1515
1816
2043
2120
2077
1956
1846
1708
1634
1612
1616
1611
1572
1528
1470
1403
1349
1364
1379
1398
1410
1390
1356
1289
1199
1090
1000
914
861
837
816
795
742
684
673
815
1069
1476
1837
2292
2606
2618
2426
2022
1544
1181
954
846
920
1079
1317
1495
1587
1642
1690
1772
1889
2031
2153
2179
2106
1886
1602
1277
1013
988
1184
1506
1823
2050
2160
2155
1992
1798
1657
1569
1580
1627
1668
1649
1589
1514
1398
1343
1356
1362
1384
1436
1449
1404
1301
1208
1069
967
882
840
819
790
785
754
684
692
863
1143
1621
2113
2524
2678
2606
2389
1960
1434
1066
866
877
1021
1188
1360
1522
1621
1682
1742
1825
1974
2106
2207
2223
2141
1898
1575
1254
1050
1028
1134
1426
1757
2048
2198
2195
2080
1925
1771
1647
1642
1659
1661
1642
1593
1529
1463
1428
1399
1436
1469
1472
1461
1413
1326
1215
1097
971
886
853
826
810
796
737
740
900
1194
1638
2061
2397
2682
2690
2470
2072
1578
1200
969
901
965
1160
1372
1539
1661
1740
1787
1874
1998
2150
2270
2269
2139
1850
1590
1321
1146
1113
1281
1542
1832
2031
2102
2098
2024
1906
1790
1742
1720
1695
1681
1643
1584
1524
1474
1452
1460
1473
1476
1472
1459
1411
1343
1241
1140
1061
992
923
873
819
802
743
772
887
1042
1436
1856
2266
2608
2631
2409
2129
1724
1313
1045
937
1020
1141
1363
1506
1602
1716
1778
1877
1984
2104
2220
2240
2190
2001
1707
1433
1193
1081
1199
1363
1578
1882
2061
2150
2104
1994
1858
1768
1703
1666
1643
1630
1594
1572
1505
1458
1442
1411
1417
1449
1458
1442
1392
1337
1224
1104
998
928
868
818
790
783
718
803
982
1307
1744
2162
2475
2649
2619
2374
1958
1489
1146
952
935
995
1163
1357
1523
1636
1722
1791
1882
1988
2123
2243
2240
2153
1922
1609
1363
1214
1077
1194
1396
1671
1931
2090
2136
2074
1951
1804
1705
1653
1652
1655
1644
1614
1563
1477
1409
1398
1394
1408
1442
1446
1431
1377
1305
1178
1063
969
896
847
773
773
722
696
796
968
1262
1611
2022
2454
2616
2536
2298
1852
1480
1228
971
893
981
1131
1332
1484
1582
1677
1752
1857
1998
2154
2251
2230
2152
2022
1713
1413
1169
1081
1203
1406
1638
1820
1990
2056
2021
1930
1815
1725
1684
1660
1631
1620
1565
1500
1433
1399
1401
1397
1407
1436
1421
1400
1341
1271
1188
1114
1008
915
840
784
764
737
693
751
922
1187
1637
2001
2381
2599
2556
2428
2078
1613
1267
986
901
983
1113
1290
1480
1201
1483
1609
1693
1771
1895
2038
2154
2191
2154
2015
1754
1442
1215
1036
1055
1192
1374
1674
1941
2061
2082
1971
1832
1737
1661
1617
1632
1659
1620
1572
1527
1465
1418
1398
1392
1422
1460
1470
1441
