1140
1020
932
837
743
712
676
742
965
1245
1570
1978
2313
2547
2515
2341
2010
1735
1501
1263
1125
1123
1163
1269
1327
1400
1486
1626
1805
2065
2277
2476
2495
2396
2188
1914
1605
1382
1286
1321
1488
1634
1803
1903
1929
1932
1861
1791
1720
1668
1602
1496
1414
1343
1276
1256
1226
1260
1299
1325
1354
1361
1348
1299
1227
1147
1046
921
823
733
672
668
736
884
1162
1554
1985
2343
2527
2482
2320
2040
1705
1401
1196
1123
1113
1160
1245
1284
1363
1443
1614
1797
2035
2272
2416
2457
2413
2200
1915
1612
1387
1288
1287
1378
1541
1717
1844
1883
1909
1889
1829
1777
1704
1625
1548
1449
1371
1283
1262
1245
1242
1279
1302
1338
1352
1331
1313
1231
1147
1032
927
857
747
719
688
680
822
1059
1429
1861
2178
2430
2508
2452
2243
1929
1469
1220
1136
1146
1150
1228
1300
1367
1450
1561
1754
1928
2121
2366
2469
2415
2253
1970
1676
1455
1323
1270
1386
1555
1720
1852
1906
1897
1878
1788
1740
1670
1611
1527
1454
1397
1304
1250
1219
1235
1251
1288
1320
1342
1332
1310
1252
1145
1041
934
840
767
707
678
678
864
1096
1530
1865
2167
2435
2463
2334
2072
1750
1435
1262
1125
1116
1128
1217
1284
1354
1426
1530
1673
1865
2120
2323
2423
2390
2229
1994
1725
1442
1315
1290
1378
1542
1689
1790
1870
1890
1857
1804
1742
1656
1611
1549
1461
1388
1316
1251
1217
1208
1230
1257
1276
1312
1313
1301
1247
1163
1065
975
880
786
714
680
663
828
1051
1331
1784
2134
2445
2498
2407
2124
1857
1575
1333
1163
1129
1136
1221
1285
1346
1417
1537
1692
1893
2125
2363
2439
2430
2317
2030
1738
1465
1348
1299
1394
1521
1712
1852
1899
1912
1871
1774
1736
1688
1627
1560
1483
1420
1332
1276
1255
1227
1244
1284
1315
1335
1324
1299
1264
1167
1062
962
868
796
731
701
773
950
1217
1644
1999
2316
2488
2458
2339
2098
1766
1495
1263
1167
1156
1190
1261
1304
1377
1467
1597
1786
2001
2203
2383
2435
2402
2197
1908
1646
1404
1335
1326
1443
1616
1749
1856
1915
1898
1845
1801
1738
1644
1619
1556
1472
1377
1324
1270
1221
1192
1233
1248
1272
1309
1300
1279
1213
1134
1002
918
844
751
685
673
696
918
1132
1553
1959
2245
2411
2393
2272
2006
1693
1404
1220
1102
1127
1111
1195
1240
1287
1399
1547
1687
1885
2052
2275
2383
2369
2239
1951
1711
1472
1361
1308
1334
1486
1658
1790
1874
1848
1874
1819
1742
1674
1624
1575
1478
1437
1338
1234
1232
1198
1207
1244
1288
1281
1319
1268
1180
1099
1004
889
811
768
692
677
829
1028
1388
1807
2114
2324
2432
2378
2188
1836
1558
1330
1199
1161
1161
1201
1280
1332
1394
1497
1648
1782
2019
2214
2400
2433
2342
2146
1870
1670
1453
1326
1366
1499
1655
1803
1885
1926
1896
1842
1778
1722
1650
1617
1573
1481
1431
1355
1289
1265
1242
1249
1289
1310
1327
1332
1282
1180
1078
964
913
797
739
702
777
965
1244
1668
1944
2262
2462
2427
2303
2010
1715
1459
1310
1190
1165
1211
1290
1297
1394
1461
1549
1720
1949
2168
2346
2442
2384
2226
2066
1787
1532
1357
1366
1441
1596
1721
1809
1889
1924
1878
1812
1747
1693
1623
1621
1552
1466
1403
1331
1247
1204
1253
1265
1278
1309
1338
1279
1214
1123
1019
923
834
757
694
688
874
1105
1400
1818
2096
2388
2425
2319
2089
1837
1601
1345
1204
1164
1147
1246
1283
1314
1416
1516
1674
1885
2120
2307
2413
2392
2333
2092
1822
1586
1377
1325
1401
1524
1620
1793
1896
1877
1870
1807
1735
1687
1666
1616
1552
1475
1407
1328
1265
1257
1221
1258
1294
1302
1332
1316
1271
1176
1113
1046
912
847
739
685
780
950
1143
1562
1951
2268
2425
2393
2248
2032
1724
1481
1267
1183
1183
1208
1278
1292
1347
1443
1583
1737
2002
2203
2380
2441
2365
2205
1910
1659
1437
1338
1321
1401
1545
1717
1839
1865
1866
1835
1785
1699
1648
1603
1560
1488
1446
1391
1313
1265
1254
1240
1233
1240
1287
1299
1292
1229
1140
1037
920
810
741
700
660
675
887
1137
1536
1911
2281
2428
2403
2314
2034
1726
1432
1253
1160
1149
1159
1246
1286
1324
1408
1572
1749
1973
2148
2333
2428
2349
2173
1902
1606
1397
1316
1325
1403
1584
1752
1865
1900
1912
1824
1770
1703
1608
1568
1540
1496
1436
1376
1329
1270
1251
1255
1284
1312
1334
1333
1294
1246
1113
995
892
844
788
765
746
786
1099
1404
1867
2200
2473
2625
2534
2270
1905
1526
1249
1123
1107
1174
1266
1397
1447
1494
1584
1709
1886
2137
2372
2466
2404
2230
2001
1791
1490
1351
1309
1414
1602
1796
1952
2031
2063
2028
1923
1788
1670
1594
1543
1517
1500
1493
1472
1467
1462
1474
1461
1484
1468
1437
1407
1342
1247
1145
1072
1005
935
891
859
854
821
819
965
1216
1546
2009
2357
2611
2597
2384
2098
1720
1337
1142
1070
1160
1231
1373
1421
1458
1496
1609
1765
1958
2214
2361
2421
2364
2206
1884
1573
1318
1223
1242
1347
1582
1791
1956
2027
1995
1892
1776
1666
1557
1493
1466
1437
1441
1404
1376
1355
1341
1328
1352
1386
1389
1365
1349
1295
1191
1072
958
886
826
785
797
789
781
867
1141
1390
1830
2193
2427
2551
2454
2191
1819
1478
1234
1136
1121
1199
1294
1405
1459
1530
1631
1745
1852
2061
2264
2412
2382
2271
1995
1762
1554
1375
1304
1364
1545
1771
1951
2064
2087
2031
1940
1776
1650
1570
1528
1507
1515
1488
1470
1436
1411
1406
1404
1443
1462
1458
1449
1389
1318
1165
1077
986
929
855
866
828
842
837
1044
1225
1538
1958
2287
2539
2563
2388
2071
1747
1428
1190
1105
1121
1214
