1421
1326
1129
1053
977
857
817
801
782
790
818
885
898
1011
1055
1063
1041
1036
1159
1168
1394
1780
1955
2182
2227
2262
2118
1990
1707
1683
1537
1371
1465
1409
1306
1329
1403
1378
1745
1999
2164
2362
2501
2476
2289
2276
2117
1997
1897
1761
1723
1690
1554
1632
1611
1554
1576
1526
1414
1338
1177
1086
985
899
848
787
776
709
830
924
969
997
1099
1107
1059
1111
1213
1300
1426
1654
1827
2111
2205
2303
2103
1967
1831
1750
1604
1447
1501
1448
1367
1328
1423
1452
1597
1733
2024
2240
2375
2450
2430
2376
2281
2135
1928
1836
1766
1677
1660
1669
1637
1616
1602
1545
1487
1410
1306
1261
1095
969
872
774
768
748
767
702
931
1011
1091
1107
1091
1061
1149
1269
1429
1737
1947
2169
2132
2226
2133
1938
1729
1687
1568
1512
1483
1422
1367
1374
1372
1445
1575
1800
2006
2196
2343
2429
2427
2328
2218
2087
1948
1843
1776
1729
1686
1647
1524
1607
1560
1465
1512
1428
1364
1151
1067
965
890
802
779
766
754
797
880
950
917
1069
1058
1022
1078
1089
1292
1420
1753
2010
2092
2084
2159
2066
1924
1785
1646
1549
1411
1486
1427
1325
1320
1379
1476
1605
1800
2028
2186
2324
2401
2286
2269
2178
2001
1926
1836
1740
1668
1614
1632
1623
1545
1556
1490
1484
1408
1256
1139
993
922
829
749
747
749
775
642
876
941
1030
1078
1122
1033
1069
1110
1280
1502
1717
1973
2076
2171
2047
1930
1853
1753
1638
1498
1482
1442
1284
1290
1310
1400
1452
1627
1895
2133
2259
2377
2413
2416
2233
2162
2019
1801
1716
1720
1670
1645
1612
1634
1582
1436
1436
1448
1381
1282
1141
1009
819
822
784
803
792
765
802
914
951
1020
1115
1009
1069
1018
1181
1405
1578
1903
2070
2196
2186
2133
1940
1793
1601
1581
1540
1510
1492
1405
1311
1327
1464
1613
1796
2016
2198
2368
2433
2442
2376
2284
2120
2000
1888
1833
1732
1680
1685
1653
1649
1569
1554
1537
1374
1358
1230
1068
889
852
742
750
754
770
847
799
951
934
1025
1139
1081
1062
1194
1251
1340
1643
1860
2066
2160
2189
2125
1978
1848
1747
1697
1561
1571
1518
1421
1405
1452
1504
1585
1800
2069
2224
2370
2480
2496
2341
2284
2130
2017
1780
1787
1684
1648
1694
1647
1654
1632
1560
1525
1483
1308
1171
1127
1015
829
844
782
805
819
812
862
891
1026
1114
1148
1023
1110
1133
1223
1338
1571
1791
2050
2159
2196
2122
1897
1748
1668
1632
1565
1570
1471
1427
1310
1406
1484
1656
1777
1993
2245
2200
2465
2435
2242
2223
2015
1940
1861
1819
1724
1638
1678
1674
1621
1584
1545
1502
1437
1307
1195
999
926
857
795
747
755
785
773
887
924
984
1097
1082
1019
1076
1148
1317
1532
1814
1977
2093
2173
2169
2024
1790
1653
1661
1546
1541
1530
1410
1362
1372
1450
1507
1664
1829
1947
2250
2372
2422
2304
2215
2204
2064
1939
1816
1752
1752
1695
1708
1627
1684
1573
1547
1483
1378
1293
1150
1040
958
872
783
750
750
781
816
918
982
965
1134
1106
972
1068
1137
1210
1336
1577
1851
2053
2116
2201
2052
1945
1813
1740
1633
1579
1528
1393
1368
1358
1396
1450
1544
1761
1945
2156
2369
2383
2464
2247
2222
2121
1835
1821
1786
1695
1634
1654
1616
1593
1530
1519
1508
1410
1313
1175
1058
895
839
786
735
733
670
778
837
900
964
1030
1036
1004
950
956
1114
1268
1510
1801
2016
2041
2110
2092
1969
1832
1732
1646
1543
1506
1460
1378
1344
1334
1314
1447
1659
1851
2017
2191
2238
2398
2369
2266
2117
1973
1897
1812
1618
1652
1571
1654
1620
1581
1563
1546
1462
1351
1241
1105
990
864
2003
1761
1753
1579
1654
1641
1507
1566
1554
1504
1443
1369
1274
1128
1084
946
857
735
737
784
748
820
810
975
1040
1028
1027
819
1091
1200
1258
1570
1840
2071
2137
2287
2169
2049
1951
1851
1724
1522
1432
1445
1352
1329
1381
1455
1569
1776
2005
2244
2330
2299
2327
2325
2256
2015
1991
1896
1742
1748
1735
1692
1680
1627
1629
1601
1521
1467
1419
1297
1171
997
909
853
857
791
805
802
869
970
1054
1086
1113
1088
1042
1146
1220
1355
1616
1920
2068
2154
2122
2165
1975
1831
1669
1552
1493
1357
1390
1318
1326
1354
1312
1606
1813
2001
2150
2386
2452
2430
2365
2282
2223
1984
1929
1816
1731
1685
1688
1664
1621
1545
1532
1451
1359
1227
1183
1042
950
854
712
698
688
708
726
842
846
939
1048
995
1108
1040
1204
1334
1439
1703
1850
2156
2238
2284
2154
1882
1910
1770
1687
1587
1524
1510
1422
1396
1416
1476
1587
1798
1981
2158
2299
2275
2340
2288
2178
2050
1817
1827
1674
1685
1573
1634
1633
1459
1516
1538
1507
1465
1332
1316
1165
960
1012
902
868
848
850
857
936
934
1053
1129
1184
1223
1169
1155
1270
1370
1492
1756
1976
2052
2001
2094
2030
1791
1686
1564
1482
1374
1341
1409
1306
1345
1396
1414
1644
1736
1999
2129
2271
2369
2339
2182
2145
2016
1888
1796
1741
1701
1762
1634
1698
1671
1673
1635
1602
1519
1393
1300
1149
1083
974
734
813
713
764
748
816
893
925
1019
1074
1001
968
1088
1195
1301
1464
1734
1875
2006
2075
2074
1860
1664
1645
1617
1556
1503
1480
1418
1400
1374
1463
1622
1739
2022
2118
2275
2369
2473
2367
2274
2202
1954
1916
1842
1809
1702
1749
1592
1817
1580
1530
1383
1499
1392
1201
991
907
886
755
741
701
612
704
764
900
993
1052
1152
1122
1259
1119
1280
1432
1567
1821
2031
2141
2174
2206
2050
1896
1734
1645
1649
1499
1596
1552
1493
1472
1453
1588
1777
1925
2134
