1512
1526
1560
1750
1896
2061
2110
2152
2110
2173
2174
2171
2169
2148
2087
2084
2006
1946
1834
1757
1718
1639
1542
1413
1344
1267
1185
1181
1145
1140
1075
1141
1168
1134
1138
1094
1107
1036
1046
1038
949
876
804
710
675
671
850
1053
1228
1574
1823
2028
2006
2073
2016
1953
1888
1787
1733
1666
1581
1580
1531
1478
1546
1661
1791
1921
2068
2134
2202
2116
2172
2187
2158
2140
2120
2116
2045
1989
1835
1834
1745
1670
1587
1515
1414
1324
1265
1200
1122
1066
1107
1091
1054
1114
1089
1096
1090
1010
1042
1019
967
894
748
736
717
646
687
864
1045
1333
1616
1883
2060
2057
2064
2047
1915
1841
1753
1700
1626
1587
1536
1520
1498
1540
1699
1805
1944
2074
2144
2163
2197
2137
2197
2174
2175
2148
2113
1963
1974
1947
1780
1705
1628
1563
1460
1386
1320
1241
1163
1111
1062
1059
1049
1056
1095
1077
1082
1067
1042
1029
1005
938
868
778
726
678
623
646
840
1090
1339
1636
1803
2084
2102
2141
2072
1957
1899
1790
1754
1654
1563
1430
1508
1493
1512
1643
1764
1926
2061
2140
2114
2206
2242
2146
2189
2161
2136
2085
1966
1981
1793
1761
1696
1566
1528
1379
1385
1159
1210
1122
1097
1075
937
1045
1059
1019
1022
1096
1074
1054
996
918
936
850
777
698
689
631
807
961
1235
1466
1825
2062
2109
2127
2107
2017
1942
1843
1786
1693
1629
1597
1540
1549
1598
1717
1836
1923
2070
2176
2208
2192
2216
2240
2209
2153
2072
2111
2057
1995
1936
1827
1759
1657
1518
1465
1365
1304
1147
1149
1107
1104
1049
1016
1067
1086
1086
1080
1072
1054
1028
983
953
875
802
675
674
625
790
948
1119
1434
1728
1985
2142
2122
2114
2034
1960
1872
1706
1728
1605
1588
1519
1497
1506
1614
1766
1881
2010
2134
2145
2194
2229
2235
2211
2211
2169
2148
2085
2015
1977
1881
1753
1721
1614
1519
1381
1333
1290
1179
1097
1088
1065
1005
1083
1075
1083
1087
1116
1071
1038
938
848
822
730
745
649
761
750
1024
1130
1405
1691
2104
2094
2202
2159
2041
1999
1855
1805
1681
1638
1565
1561
1488
1568
1597
1755
1908
1961
2111
2090
2213
2204
2207
2180
2194
2117
2143
2097
2053
2031
1961
1893
1765
1741
1587
1468
1390
1271
1178
1130
1053
996
1033
1035
1046
1094
1075
1088
1065
1056
1046
1009
873
885
814
739
702
614
777
1002
1273
1548
1713
1984
2104
2067
2077
1952
1849
1781
1727
1682
1562
1493
1435
1484
1588
1597
1738
1891
1946
2079
2138
2148
2125
2153
2139
2113
2120
2087
2072
2023
1937
1888
1827
1742
1656
1509
1446
1270
1212
1117
986
1010
977
947
1023
1011
1059
1036
1049
1064
1028
973
900
850
707
697
610
605
734
975
1182
1514
1801
1979
2048
2056
2002
1921
1810
1712
1673
1587
1525
1497
1486
1507
1505
1633
1747
1885
1986
2024
2158
2080
2150
2064
2147
2112
2124
2124
2064
2051
2026
1933
1872
1771
1730
1590
1497
1372
1293
1183
1101
1072
1073
1078
1030
1050
1086
1020
1078
1070
1070
1053
954
913
725
663
689
639
657
794
1029
1309
1556
1846
2019
2061
2075
2042
1840
1859
1763
1722
1612
1557
1521
1492
1515
1537
1655
1823
1964
2057
2143
2160
2066
2143
2149
2079
2149
2124
2126
2099
2061
2015
1937
1814
1820
1765
1643
1453
1400
1294
1187
1128
1051
1071
1068
1075
1050
1076
1100
1080
1068
1034
1017
968
883
812
755
690
651
827
1053
1327
1609
1891
2075
2077
2098
2043
1951
1866
1775
1742
1630
1569
1556
1507
1512
1586
1733
1892
2001
2137
2180
2230
2201
2172
2196
2214
2168
2172
2168
2096
2048
2012
1951
1866
1785
1715
1625
1430
1362
1274
1165
1121
1119
1100
1081
1079
1088
1065
1091
1101
1030
1048
1027
934
890
813
712
625
768
871
1106
1420
1653
1854
2073
2075
2085
2028
1935
1851
1744
1713
1629
1561
1553
1496
1452
1548
1729
1858
1984
2032
2192
2203
2234
2230
2127
2215
2193
2181
2171
2126
2071
2060
1992
1858
1853
1761
1632
1557
1423
1313
1196
1135
1105
1066
1038
1021
1046
1032
1033
1047
1039
1055
1056
1009
889
812
757
738
656
740
893
1042
1333
1620
1841
1982
2047
2073
1975
1899
1824
1731
1701
1574
1524
1496
1496
1494
1567
1719
1732
1956
2095
2153
2180
2183
2203
2224
2164
2153
2142
2103
2064
2032
1995
1856
1843
1780
1686
1585
1454
1347
1237
1176
1079
1052
1053
1026
1011
972
973
978
1043
1059
1031
1010
941
907
844
783
649
680
702
873
1152
1358
1642
1952
2042
2076
1996
1899
1844
1730
1688
1650
1555
1522
1475
1500
1494
1601
1762
1877
2017
2123
2201
2239
2206
2247
2217
2182
2155
2129
2085
2033
1986
1941
1874
1794
1720
1592
1448
1352
1251
1198
1022
1043
1055
978
1025
1037
1053
1000
1022
1053
986
979
949
903
833
680
682
616
704
866
1122
1377
1578
1849
2021
2078
2091
2007
1924
1808
1660
1716
1625
1541
1525
1479
1524
1606
1691
1843
1983
2101
2225
2224
2239
2266
2212
2200
2146
2136
2090
2021
1983
1966
1900
1834
1641
1640
1516
1410
1240
1223
1113
1083
1064
1038
945
1018
1060
1029
1024
1040
1048
1006
965
893
868
796
733
666
578
703
930
1094
1482
1736
2004
1978
2056
2059
1954
1827
1714
1694
1630
1463
1538
1489
1506
1546
1666
1752
1898
2046
2129
2196
2196
2208
2212
2196
2159
2113
2017
2078
1999
1948
1905
1855
1800
1703
1584
1445
1244
1252
1178
1122
1016
1039
1040
1019
1020
1038
1014
1049
1034
1017
961
929
863
770
713
635
612
634
897
1171
1459
1752
1949
2110
2093
2084
1980
1891
1764
1741
1699
1609
1578
1555
1525
