1261
1140
950
924
955
803
907
935
927
975
980
1014
927
953
921
817
751
635
719
840
1171
1608
1889
2200
2347
2351
2246
1999
1846
1695
1636
1593
1533
1497
1320
1358
1380
1424
1542
1745
1922
2216
2323
2347
2294
2146
2112
1981
1958
1960
1977
1887
1899
1853
1816
1737
1684
1650
1618
1475
1463
1381
1267
1084
1011
966
917
910
966
983
1028
1027
1008
978
931
913
828
767
690
638
777
971
1311
1691
1993
2289
2352
2363
2180
1971
1753
1605
1567
1483
1464
1432
1399
1275
1361
1455
1526
1828
2062
2215
2333
2256
2356
2269
2079
2077
2062
1913
1901
1894
1854
1773
1781
1747
1760
1640
1562
1492
1375
1133
1173
1164
1037
1035
953
960
958
921
970
988
996
1011
952
924
795
715
634
665
834
1081
1526
1805
2159
2326
2289
2259
1998
1897
1765
1643
1509
1505
1491
1415
1347
1350
1405
1566
1792
2023
2193
2327
2347
2244
2180
2089
1959
1992
1942
1988
1950
1849
1845
1829
1685
1672
1642
1474
1529
1399
1279
1121
1058
993
966
933
926
1024
937
1035
988
1033
1000
980
972
816
753
689
733
890
1081
1449
1777
2110
2322
2344
2244
1979
1850
1782
1633
1622
1515
1459
1342
1324
1328
1374
1409
1681
1908
2102
2245
2324
2298
2213
2139
2033
1993
1989
2004
1962
1951
1945
1844
1792
1661
1637
1587
1547
1510
1348
1262
1147
1020
990
867
959
975
1007
1032
986
1059
1045
995
966
871
823
741
694
757
935
1225
1508
1715
2065
2261
2272
2201
2015
1774
1682
1628
1586
1520
1488
1413
1338
1353
1334
1529
1728
1970
2159
2270
2300
2242
2203
2107
2068
1990
2003
1986
1965
1950
1898
1738
1737
1670
1613
1527
1463
1311
1271
1174
1040
996
962
932
996
1054
1014
1081
1048
1072
1059
1037
970
897
821
729
761
836
1062
1413
1747
2020
2228
2318
2298
2163
1977
1824
1682
1649
1527
1525
1505
1396
1369
1398
1510
1588
1816
2076
2250
2328
2295
2235
2129
2068
1992
2051
2082
2013
1999
1951
1809
1838
1716
1682
1626
1528
1470
1937
1667
1613
1563
1513
1480
1403
1401
1386
1529
1736
1966
2128
2293
2357
2340
2288
2166
2117
2024
2056
2034
2043
1983
1961
1893
1779
1676
1530
1565
1499
1429
1296
1158
1011
949
951
924
972
1027
1030
1075
1018
944
1002
940
920
767
734
687
669
778
1015
1226
1672
1995
2206
2254
2222
2055
1912
1752
1625
1582
1528
1496
1421
1298
1359
1373
1453
1659
1869
2071
2252
2320
2325
2300
2085
2065
2029
1882
1963
2000
1986
1950
1828
1748
1688
1685
1579
1530
1482
1359
1216
1031
986
958
904
978
1019
1040
1056
1051
1060
982
1001
908
968
792
760
637
646
777
1051
1443
1694
2022
2145
2265
2178
2010
1886
1711
1638
1602
1457
1509
1432
1293
1321
1272
1443
1516
1841
2003
2209
2372
2302
2245
2213
2117
2021
2024
2042
2028
2003
1983
1896
1834
1628
1675
1629
1547
1516
1364
1274
1134
992
975
955
967
936
1030
1011
1058
1062
1043
943
970
889
842
755
672
680
808
1032
1455
1734
2078
2196
2257
2225
2032
1842
1664
1600
1589
1543
1494
1476
1408
1322
1377
1512
1686
1821
2033
2245
2323
2342
2278
2143
2079
2017
2011
1931
2025
2016
1964
1880
1867
1771
1640
1664
1612
1517
1403
1281
1181
1117
1030
952
941
974
1056
1047
1071
1067
1091
1044
931
927
878
782
691
666
818
962
1349
1694
2038
2252
2286
2245
2121
1923
1721
1646
1613
1536
1491
1456
1393
1366
1368
1478
1707
1943
2110
2301
2344
2303
2272
2142
2068
2003
1922
2040
1954
1996
1973
1913
1789
1680
1659
1558
1575
1484
1347
1222
1111
953
1006
952
955
1003
1029
1085
996
1073
1049
1018
929
927
838
666
653
687
850
1100
1469
1848
2153
2268
2211
2148
1992
1821
1674
1552
1551
1452
1384
1379
1325
1331
1339
1525
1761
1928
2126
2318
2339
2266
2094
2076
2008
1932
2014
2016
2012
1953
1891
1837
1781
1711
1649
1627
1567
1458
1299
1117
1086
1001
976
962
974
1025
974
1044
1073
1087
1020
1004
960
912
817
727
680
777
906
1179
1452
1820
2129
2280
2310
2193
2037
1853
1702
1598
1448
1498
1454
1386
1321
1311
1335
1487
1741
1923
2135
2295
2262
2303
2178
2099
2056
2026
2030
2031
1993
2013
1911
1828
1678
1627
1644
1506
1480
1480
1305
1165
1087
981
963
944
992
1051
1075
1116
1002
981
1012
940
895
819
706
672
598
902
1169
1550
1854
2129
2289
2332
2225
2052
1867
1667
1599
1568
1502
1361
1365
1332
1199
1402
1496
1734
1959
2193
2302
2326
2299
2203
2135
2052
2016
1993
2043
1902
1950
1899
1858
1756
1678
1659
1597
1486
1408
1203
1202
1068
975
949
971
1017
982
1073
1108
1126
1077
1035
997
915
819
777
688
560
751
969
1317
1697
2048
2256
2294
2273
2135
1985
1755
1639
1623
1536
1484
1437
1393
1349
1336
1425
1632
1793
1972
2219
2339
2363
2301
2200
2126
2043
2018
2023
1908
1913
1932
1866
1742
1735
1700
1648
1600
1523
1427
1196
1185
1046
976
971
945
1034
1019
1065
1093
1116
1092
1049
1003
1005
834
781
713
686
744
916
1211
1614
1883
2197
2269
2263
2034
1942
1770
1675
1616
1538
1528
1330
1389
1357
1338
1484
1640
1876
2085
2189
2312
2318
2246
2150
2092
1966
2073
2076
2045
2030
1966
1842
1826
1751
1707
1606
1524
1576
1429
1117
1050
816
1014
925
1054
1073
1130
1177
1165
1065
1041
1001
959
1012
874
819
720
675
773
885
1132
1460
1836
2084
2259
2262
2196
1921
1863
1620
1681
1623
1584
1462
1468
1344
1316
1387
1582
1828
2060
2167
2320
