1724
1674
1585
1464
1471
1539
1640
1781
1932
2073
2070
2129
2010
1888
1836
1634
1665
1686
1646
1643
1748
1763
1652
1568
1568
1510
1471
1448
1436
1416
1402
1364
1305
1207
1239
1213
1357
1409
1381
1397
1334
1212
1052
914
827
804
821
808
793
800
722
673
641
793
992
1339
1694
2004
2289
2460
2452
2370
2287
2170
2004
1942
1817
1794
1695
1631
1499
1481
1539
1681
1823
1967
2014
2153
2139
2037
1924
1819
1670
1587
1691
1705
1748
1674
1607
1675
1601
1539
1489
1476
1431
1402
1408
1366
1325
1272
1270
1234
1270
1311
1350
1428
1342
1248
1152
1086
942
854
809
793
789
738
740
761
692
741
793
1091
1405
1789
2076
2212
2478
2457
2402
2327
2182
2074
1983
1931
1846
1728
1660
1508
1513
1446
1591
1691
1854
2006
2146
2111
2070
1955
1851
1766
1694
1705
1630
1739
1731
1732
1733
1666
1571
1449
1464
1425
1400
1413
1408
1374
1332
1331
1242
1272
1200
1362
1388
1383
1350
1243
1115
993
813
828
805
815
793
707
750
739
711
764
965
1183
1614
2027
2306
2514
2488
2408
2318
2188
2014
1887
1835
1767
1661
1588
1527
1501
1489
1630
1778
1918
2053
2160
2179
2075
1994
1887
1708
1673
1629
1705
1736
1739
1744
1709
1610
1559
1539
1482
1477
1426
1371
1340
1357
1302
1275
1260
1279
1331
1375
1441
1421
1276
1220
1040
954
897
873
865
865
870
811
812
769
688
804
909
1258
1540
1948
2153
2368
2437
2391
2287
2175
2040
1950
1906
1859
1733
1618
1576
1507
1488
1605
1717
1834
1977
2084
2109
2099
1959
1883
1792
1750
1736
1706
1756
1745
1730
1690
1642
1566
1519
1494
1475
1447
1320
1398
1307
1363
1365
1290
1302
1342
1290
1401
1431
1357
1304
1149
1041
933
793
837
832
829
761
788
759
776
754
890
1033
1389
1763
2075
2288
2429
2407
2330
2145
2136
2021
1840
1842
1724
1643
1556
1488
1437
1512
1691
1789
1977
2079
2108
2069
1992
1883
1776
1704
1689
1740
1734
1764
1750
1685
1650
1572
1496
1491
1428
1450
1434
1452
1400
1349
1237
1227
1272
1330
1358
1354
1393
1290
1280
1138
1053
877
896
879
828
842
810
775
645
723
748
839
1103
1398
1731
1985
2200
2374
2348
2309
2164
2083
1990
1924
1895
1761
1624
1570
1504
1503
1589
1669
1779
1917
1944
2077
2086
1934
1902
1840
1763
1738
1720
1751
1791
1741
1720
1664
1619
1539
1496
1461
1400
1409
1383
1367
1285
1244
1236
1253
1178
1298
1351
1343
1344
1177
1132
1033
955
882
826
814
814
786
763
717
733
724
877
1071
1374
1711
2025
2278
2425
2415
2313
2273
2104
2003
1912
1835
1754
1673
1562
1541
1491
1513
1653
1787
1920
2047
2087
2053
2027
1925
1819
1768
1723
1674
1736
1740
1760
1629
1697
1629
1569
1511
1528
1469
1468
1466
1417
1374
1336
1287
1308
1307
1346
1412
1371
1353
1331
1080
1098
936
927
829
873
881
834
924
829
854
817
813
781
694
818
990
1315
1702
2038
2275
2366
2442
2343
2344
2186
2032
1974
1903
1841
1685
1666
1489
1509
1493
1565
1732
1870
2012
2098
2136
2027
1959
1850
1828
1619
1740
1756
1693
1791
1782
1733
1693
1598
1562
1555
1475
1505
1496
1477
1433
1388
1361
1335
1295
1409
1462
1500
1477
1440
1270
1193
1082
992
929
906
899
901
785
773
796
807
831
967
1185
1518
1854
2093
2412
2498
2438
2292
2302
2208
2073
1909
1910
1804
1714
1590
1557
1511
1536
1584
1781
1892
2000
2096
2073
2037
1913
1815
1769
1621
1729
1764
1756
1729
1644
1619
1551
1475
1436
1428
1398
1368
1411
1397
1341
1301
1255
1258
1259
1242
1340
1386
1371
1283
1187
1065
954
874
837
741
793
771
763
727
717
697
663
844
1133
1502
1773
2090
2295
2374
2316
2302
2138
1981
1872
1849
1758
1695
1569
1463
1391
1363
1434
1577
1722
1849
1963
2022
1971
1860
1805
1733
1695
1633
1683
1701
1699
1685
1581
1502
1467
1414
1436
1271
1368
1398
1356
1327
1288
1148
1228
1244
1292
1343
1379
1356
1288
1108
1056
953
882
871
852
718
774
751
633
643
657
737
907
1218
1539
1800
2183
2416
2443
2423
2323
2154
2063
1892
1788
1716
1625
1416
1299
1398
1393
1502
1634
1802
1939
2014
2040
2027
1952
1776
1735
1699
1698
1724
1715
1747
1735
1708
1618
1541
1502
1429
1424
1421
1439
1420
1296
1332
1308
1263
1250
1338
1395
1400
1387
1337
1261
1037
1048
961
878
827
849
833
777
764
734
719
720
830
1125
1460
1777
2108
2299
2352
2426
2389
2279
2123
2006
1888
1830
1745
1680
1571
1500
1476
1506
1612
1776
1924
2058
2118
2119
2033
1943
1864
1791
1730
1782
1819
1811
1780
1709
1692
1611
1564
1504
1396
1445
1363
1422
1419
1370
1348
1357
1318
1377
1416
1462
1460
1440
1347
1222
1101
957
879
830
805
836
754
801
701
768
789
902
1109
1432
1739
2139
2440
2460
2449
2382
2242
2126
1968
1862
1816
1744
1680
1599
1546
1522
1565
1631
1764
1940
2048
2046
2139
2093
1979
1866
1804
1709
1760
1721
1809
1780
1741
1724
1622
1574
1487
1518
1464
1467
1437
1437
1410
1294
1359
1385
1404
1454
1511
1523
1498
1375
1284
1217
1017
1017
898
910
917
838
882
868
851
858
932
1193
1453
1798
2041
2242
2425
2462
2401
2287
2150
2027
1892
1913
1845
1744
1669
1600
1524
1520
1610
1698
1828
1974
1985
2235
2084
2029
1797
1997
1859
1786
1817
1856
1832
1791
1807
1612
1576
1567
1533
1517
1402
1484
1479
1409
1404
1353
1373
1361
1384
1438
1457
1451
1417
1349
1213
1106
932
891
897
840
878
818
821
742
686
786
927
1120
