1137
1229
1394
1635
1849
2060
2192
2190
2130
2015
1805
1602
1473
1325
1228
1189
1222
1227
1236
1274
1262
1230
1267
1268
1262
1307
1320
1266
1255
1206
1085
1004
918
849
785
755
750
911
1095
1368
1773
1985
2200
2328
2319
2194
2061
1824
1584
1398
1269
1185
1141
1126
1217
1276
1408
1657
1838
1998
2171
2279
2214
2144
1954
1722
1562
1444
1337
1282
1269
1286
1271
1276
1304
1289
1251
1325
1329
1344
1400
1374
1339
1290
1244
1128
1027
947
871
831
814
954
1132
1342
1733
2020
2227
2406
2420
2324
2199
2024
1762
1545
1386
1307
1239
1254
1301
1383
1506
1735
1946
2090
2254
2348
2358
2300
2177
1981
1795
1651
1528
1436
1394
1408
1427
1434
1474
1472
1442
1487
1493
1482
1524
1536
1474
1445
1413
1347
1232
1138
1057
974
928
1073
1224
1428
1752
2124
2342
2539
2595
2465
2371
2171
1939
1691
1532
1429
1357
1360
1355
1433
1505
1680
1895
2085
2288
2456
2506
2441
2339
2120
1882
1704
1559
1486
1469
1472
1486
1452
1488
1478
1450
1462
1509
1506
1542
1567
1540
1476
1416
1325
1205
1110
1020
967
915
993
1141
1285
1516
1958
2194
2393
2549
2486
2322
2179
1956
1727
1536
1410
1325
1296
1328
1409
1501
1642
1877
2082
2217
2344
2401
2329
2200
2074
1860
1680
1573
1467
1388
1387
1413
1416
1419
1457
1434
1410
1429
1448
1432
1467
1484
1424
1351
1300
1226
1138
1018
966
891
826
1006
1213
1396
1781
2123
2323
2501
2482
2305
2115
1957
1703
1488
1351
1284
1218
1205
1261
1337
1439
1683
1937
2133
2356
2459
2393
2239
2036
1792
1607
1467
1358
1317
1320
1346
1324
1290
1353
1328
1313
1362
1413
1392
1451
1452
1385
1319
1233
1090
1023
945
876
809
747
934
1113
1371
1739
2038
2230
2393
2377
2230
2056
1853
1664
1422
1283
1169
1114
1127
1183
1259
1396
1666
1857
2049
2262
2325
2264
2181
2021
1757
1555
1400
1305
1229
1223
1249
1241
1217
1239
1201
1180
1264
1277
1286
1359
1365
1279
1253
1179
1065
949
886
808
743
676
797
999
1155
1521
1820
2011
2223
2352
2244
2103
1916
1665
1474
1309
1173
1097
1065
1150
1250
1388
1558
1803
2006
2162
2308
2279
2205
2117
1979
1750
1561
1411
1334
1277
1274
1274
1267
1276
1327
1283
1316
1362
1373
1391
1426
1400
1338
1299
1216
1132
1048
978
884
837
901
1089
1246
1532
1938
2107
2269
2461
2449
2302
2155
1946
1709
1528
1452
1345
1256
1219
1281
1349
1468
1667
1906
2118
2361
2543
2512
2452
2303
2075
1906
1731
1560
1481
1445
1446
1448
1419
1417
1405
1379
1404
1462
1482
1546
1586
1571
1503
1413
1297
1161
1048
965
936
867
932
1107
1289
1571
1917
2113
2246
2386
2391
2276
2125
1945
1722
1509
1354
1258
1152
1096
1181
1304
1489
1770
1965
2081
2256
2350
2294
2187
2059
1835
1653
1552
1402
1308
1236
1226
1217
1201
1229
1240
1233
1256
1300
1305
1334
1334
1271
1230
1152
1057
962
874
799
727
667
751
904
1071
1375
1708
1931
2118
2221
2171
2045
1891
1661
1441
1246
1126
1011
972
957
1007
1119
1285
1515
1756
1961
2142
2272
2265
2184
1974
1727
1516
1369
1248
1165
1118
1131
1120
1108
1132
1127
1103
1169
1198
1220
1293
1312
1255
1188
1121
978
852
761
667
608
613
744
918
1122
1477
1776
1939
2162
2221
2107
1993
1845
1615
1344
1204
1096
982
919
937
1003
1148
1417
1672
1884
2136
2246
2241
2142
2033
1814
1590
1446
1308
1219
1168
1156
1147
1098
1132
1156
1138
1222
1310
1309
1365
1400
1323
1270
1194
1117
1023
934
886
818
735
877
1022
1124
1420
1766
1980
2184
2354
2286
2194
2081
1875
1619
1421
1267
1109
1025
992
1168
1217
1334
1687
1907
2068
2298
2436
2390
2337
2216
1973
1730
1563
1421
1299
1287
1284
1273
1268
1335
1365
1325
1391
1462
1477
1457
1532
1482
1402
1336
1238
1170
1039
965
922
799
918
1110
1200
1370
1823
2058
2262
2477
2451
2305
2179
2064
1797
1572
1384
1289
1193
1130
1201
1273
1449
1748
1973
2212
2407
2509
2424
2372
2262
2011
1791
1631
1473
1375
1338
1350
1327
1323
1362
1388
1364
1416
1485
1505
1537
1556
1512
1462
1391
1308
1228
1145
1076
994
901
903
1047
1201
1390
1745
2035
2265
2458
2494
2360
2194
1986
1779
1542
1390
1259
1206
1184
1233
1289
1380
1643
1883
2115
2397
2514
2539
2454
2289
2040
1806
1603
1479
1381
1360
1348
1345
1346
1350
1341
1335
1426
1474
1519
1560
1536
1481
1409
1273
1144
1088
1027
951
848
867
995
1169
1412
1755
1996
2189
2430
2470
2360
2227
2048
1840
1604
1426
1298
1170
1108
1151
1217
1380
1673
1917
2142
2379
2486
2424
2341
2219
1976
1787
1621
1480
1356
1309
1317
1295
1269
1311
1322
1296
1390
1449
1459
1499
1538
1493
1419
1362
1280
1152
1073
1035
955
862
786
918
1065
1260
1606
1834
2038
2309
2409
2306
2156
1974
1726
1515
1336
1224
1116
1080
1124
1165
1258
1500
1726
1925
2198
2345
2321
2275
2196
1995
1756
1571
1397
1260
1214
1205
1182
1145
1161
1173
1140
1194
1250
1287
1325
1406
1396
1330
1270
1185
1036
919
871
784
681
660
806
963
1192
1596
1795
1970
2185
2317
2218
2116
1962
1717
1520
1402
1285
1155
1081
1100
1147
1245
1411
1656
1860
2086
2274
2320
2277
2178
2048
1848
1650
1520
1369
1281
1252
1246
1197
1209
1247
1223
1219
1343
1384
1393
1444
1469
1431
1381
1342
1217
1071
1006
953
887
793
840
978
1136
1443
1804
1966
2179
2370
2347
2223
2095
1865
1659
1500
1376
1253
1157
1167
1190
1230
1336
1548
1777
2000
2276
2439
2454
2398
2214
2011
1802
1619
1457
1364
1321
