1136
1194
1269
1328
1495
1713
1947
2152
2277
1418
1293
1269
1270
1281
1285
1239
1232
1243
1280
1348
1442
1490
1494
1467
1391
1244
1109
1002
930
880
863
866
833
789
875
996
1154
1381
1674
1914
2088
2149
2062
1886
1665
1512
1314
1167
1112
1044
1093
1136
1201
1264
1388
1581
1794
1955
2088
2159
2105
2016
1835
1641
1429
1278
1212
1159
1195
1224
1235
1245
1248
1239
1278
1323
1391
1446
1465
1489
1421
1322
1216
1104
1023
963
910
931
912
874
935
1070
1179
1402
1722
1967
2127
2220
2184
2025
1860
1678
1485
1331
1273
1227
1242
1271
1320
1401
1541
1738
1953
2112
2285
2361
2315
2182
2013
1784
1605
1470
1416
1387
1379
1417
1389
1378
1376
1384
1403
1465
1548
1603
1637
1630
1570
1429
1326
1234
1182
1102
1075
1060
1022
987
999
1062
1251
1516
1839
2066
2230
2273
2172
2028
1826
1619
1434
1311
1280
1269
1248
1273
1333
1410
1531
1772
1951
2137
2267
2300
2245
2076
1907
1682
1485
1403
1364
1328
1330
1353
1363
1362
1345
1359
1362
1425
1494
1565
1583
1572
1482
1368
1275
1190
1078
1059
1032
1001
976
938
1003
1122
1298
1588
1873
2083
2229
2248
2174
2014
1822
1623
1429
1318
1268
1232
1262
1281
1359
1460
1585
1827
2002
2171
2295
2307
2233
2045
1829
1658
1494
1431
1379
1363
1395
1390
1357
1360
1369
1393
1432
1514
1591
1615
1618
1546
1437
1363
1254
1161
1118
1085
1066
1039
1013
994
1077
1201
1412
1715
1955
2141
2254
2253
2164
1964
1768
1585
1426
1342
1326
1308
1316
1351
1418
1522
1678
1873
2005
2133
2255
2284
2205
2045
1869
1652
1512
1454
1394
1364
1408
1410
1404
1383
1378
1393
1405
1491
1554
1593
1599
1551
1479
1376
1282
1181
1123
1078
1063
1040
1014
1024
1114
1265
1440
1717
1969
2126
2234
2218
2120
1956
1778
1598
1435
1363
1325
1284
1314
1350
1421
1541
1699
1893
2041
2183
2295
2268
2157
1981
1784
1617
1500
1449
1405
1391
1428
1401
1393
1382
1370
1392
1433
1501
1579
1597
1616
1565
1469
1358
1264
1173
1109
1101
1088
1076
1035
1038
1152
1276
1498
1787
1990
2136
2247
2226
2121
1920
1748
1568
1417
1363
1323
1305
1344
1419
1481
1580
1742
1882
2029
2164
2273
2228
2108
1962
1821
1670
1513
1444
1378
1388
1416
1430
1406
1410
1392
1384
1430
1493
1546
1567
1577
1559
1454
1383
1287
1186
1130
1075
1080
1028
1010
1030
1139
1286
1513
1776
1933
2095
2228
2205
2096
1943
1729
1581
1458
1356
1348
1312
1331
1420
1465
1599
1726
1897
2052
2179
2244
2205
2081
1937
1803
1593
1490
1419
1377
1384
1403
1392
1387
1365
1351
1365
1411
1467
1505
1532
1544
1507
1422
1328
1246
1172
1120
1100
1068
1038
982
972
1063
1215
1376
1671
1849
2059
2193
2183
2089
1931
1732
1598
1466
1355
1321
1294
1307
1328
1389
1435
1542
1716
1896
2047
2176
2206
2119
1983
1865
1671
1486
1384
1352
1320
1354
1360
1343
1309
1299
1300
1305
1356
1432
1453
1463
1469
1420
1298
1204
1121
1055
1019
1014
994
959
940
1034
1155
1329
1573
1810
1990
2115
2140
2038
1871
1700
1563
1372
1296
1289
1253
1267
1354
1397
1482
1659
1805
1986
2098
2169
2132
2022
1923
1767
1580
1445
1378
1341
1310
1339
1359
1333
1311
1319
1324
1360
1405
1458
1481
1478
1448
1368
1261
1190
1152
1102
1072
1054
1040
976
1045
1155
1304
1482
1710
1907
2066
2160
2163
2046
1854
1719
1563
1423
1341
1343
1301
1350
1439
1479
1560
1758
1904
2032
2141
2205
2132
2031
1928
1771
1548
1459
1417
1365
1368
1386
1402
1369
1350
1358
1349
1382
1442
1478
1488
1492
1463
1389
1317
1239
1173
1124
1105
1088
1056
1010
1095
1214
1353
1578
1901
2085
2187
2167
2023
1869
1715
1581
1414
1337
1356
1327
1316
1418
1453
1520
1705
1906
2079
2198
2270
2194
2035
1894
1703
1500
1469
1447
1411
1423
1447
1428
1349
1331
1375
1376
1443
1517
1542
1548
1530
1470
1333
1265
1203
1159
1124
1104
1110
1033
1063
1189
1304
1456
1673
1940
2089
2234
2245
2139
1958
1779
1665
1485
1366
1349
1341
1350
1461
1537
1598
1736
1924
2064
2157
2235
2230
2092
1972
1857
1645
1515
1453
1413
1403
1408
1455
1444
1408
1403
1419
1392
1457
1527
1536
1525
1507
1416
1320
1248
1190
1130
1111
1103
1074
1085
1204
1345
1521
1739
1961
2122
2208
2213
2098
1913
1784
1683
1503
1381
1353
1312
1314
1404
1504
1601
1786
1963
2110
2208
2257
2210
2077
1937
1800
1609
1478
1464
1430
1433
1426
1436
1411
1365
1374
1389
1413
1490
1509
1521
1490
1425
1329
1267
1205
1168
1124
1109
1106
1051
1056
1184
1313
1492
1706
1945
2085
2205
2187
2094
1926
1756
1639
1468
1349
1326
1308
1325
1438
1523
1594
1736
1887
2027
2108
2161
2160
2049
1939
1808
1624
1461
1398
1368
1350
1374
1410
1426
1394
1377
1365
1346
1383
1427
1441
1440
1418
1402
1296
1226
1167
1068
1050
1006
993
940
1024
1171
1323
1531
1717
1896
2030
2075
2041
1911
1714
1596
1470
1313
1220
1166
1127
1149
1212
1346
1392
1549
1754
1918
2041
2091
2062
1944
1795
1625
1456
1323
1287
1278
1262
1263
1261
1245
1198
1173
1215
1252
1286
1366
1379
1357
1319
1246
1134
1052
1017
956
941
906
922
829
889
1042
1198
1417
1637
1864
2012
2084
2028
1870
1653
1490
1366
1205
1126
1133
1106
1153
1241
1333
1418
1558
1738
1877
1962
2019
1978
1836
1690
1505
1327
1212
1186
1173
1199
1231
1249
1225
1163
1167
1172
1186
1251
1302
1324
1323
1291
1214
1128
1035
987
953
915
915
875
899
1066
1218
1411
1664
1849
2014
2112
2125
2041
1845
1687
1561
1381
1290
1246
1234
1255
1301
1456
