1418
1306
1186
1035
868
813
778
658
717
961
1173
1485
2053
2313
2584
2796
2709
2488
2276
2004
1649
1428
1277
1160
1070
1112
1287
1374
1537
1888
2076
2291
2526
2617
2602
2593
2434
2144
1891
1639
1433
1254
1241
1242
1273
1387
1548
1546
1563
1686
1660
1640
1711
1649
1618
1578
1539
1380
1222
1097
945
787
726
689
625
625
890
1129
1442
2011
2223
2440
2632
2614
2368
2154
1883
1489
1230
1124
1025
920
983
1172
1258
1404
1705
1949
2037
2305
2447
2424
2444
2256
1979
1757
1553
1299
1135
1115
1178
1170
1276
1434
1457
1465
1599
1597
1571
1635
1577
1538
1519
1463
1337
1193
1058
918
752
700
686
595
534
796
994
1154
1658
2059
2190
2441
2596
2392
2163
1935
1580
1342
1174
1034
894
908
1024
1134
1234
1473
1761
1855
2145
2358
2278
2326
2249
2055
1781
1548
1302
1093
1002
1036
1024
1076
1256
1295
1327
1477
1463
1431
1479
1500
1409
1409
1357
1217
1071
965
857
682
627
562
485
696
966
1050
1445
2024
2156
2408
2574
2394
2218
2033
1787
1392
1211
1093
985
991
1060
1173
1285
1509
1824
1917
2210
2462
2436
2421
2443
2248
1944
1712
1472
1277
1132
1139
1179
1183
1378
1447
1433
1565
1613
1526
1565
1601
1536
1506
1464
1332
1231
1131
1006
846
697
681
631
539
709
903
1058
1437
2012
2172
2412
2565
2413
2218
1979
1665
1348
1155
1030
898
938
1043
1157
1249
1573
1834
1909
2200
2389
2355
2368
2319
2084
1785
1580
1341
1193
1051
1081
1095
1118
1294
1345
1339
1442
1516
1432
1510
1536
1476
1451
1395
1275
1160
1029
891
713
626
635
561
511
750
987
1147
1622
2093
2260
2420
2595
2480
2247
2036
1776
1430
1230
1154
1079
997
1078
1235
1327
1572
1887
1985
2136
2404
2495
2461
2463
2261
1996
1820
1643
1424
1235
1217
1249
1250
1397
1508
1509
1574
1675
1627
1640
1705
1643
1624
1591
1492
1330
1198
1091
947
806
805
783
688
931
1211
1340
1830
2211
2290
2544
2693
2491
2302
2093
1747
1459
1321
1213
1097
1113
1269
1351
1494
1748
1928
2025
2285
2494
2462
2449
2372
2167
1968
1757
1494
1302
1164
1162
1162
1153
1307
1405
1394
1493
1556
1512
1546
1576
1542
1478
1437
1387
1252
1099
966
856
746
665
654
546
693
1021
1113
1472
1938
2192
2369
2606
2537
2297
2110
1846
1599
1356
1212
1116
1037
1109
1263
1341
1515
1843
1993
2219
2480
2501
2483
2459
2280
2034
1794
1572
1356
1213
1213
1240
1235
1395
1503
1512
1629
1695
1649
1679
1734
1686
1659
1643
1538
1396
1263
1164
1028
864
805
741
629
925
1227
1379
1730
2276
2495
2705
2781
2644
2434
2260
1964
1678
1433
1306
1205
1174
1315
1437
1507
1743
2051
2153
2402
2609
2605
2595
2582
2370
2123
1857
1635
1417
1268
1247
1270
1248
1356
1486
1475
1571
1662
1623
1635
1693
1616
1568
1545
1426
1301
1176
1044
883
702
638
562
521
788
1052
1261
1776
2120
2348
2581
2566
2370
2197
1960
1624
1359
1157
1015
950
925
1023
1191
1286
1528
1800
1926
2176
2326
2332
2357
2272
2046
1817
1552
1322
1170
1057
1021
1056
1057
1186
1270
1279
1369
1456
1426
1464
1526
1465
1478
1422
1355
1226
1105
926
800
632
542
464
609
801
1038
1398
1937
2213
2432
2609
2494
2350
2149
1881
1562
1357
1190
1034
1040
1030
1128
1210
1371
1704
1874
2138
2348
2399
2423
2453
2253
2025
1793
1528
1339
1203
1106
1097
1069
1142
1226
1271
1301
1407
1450
1430
1518
1497
1463
1484
1413
1332
1231
1074
904
774
622
534
479
636
889
1125
1650
1972
2231
2469
2495
2319
2155
1948
1632
1417
1258
1105
1035
974
1091
1185
1317
1572
1758
1987
2193
2300
2288
2351
2217
1980
1765
1536
1363
1207
1102
1082
1040
1067
1163
1177
1200
1301
1361
1336
1442
1469
1442
1475
1425
1362
1234
1107
952
737
644
595
634
796
1023
1332
1796
2051
2277
2450
2431
2271
2120
1882
1642
1439
1291
1222
1221
1205
1278
1343
1462
1688
1848
2036
2230
2307
2350
2336
2201
1969
1752
1574
1393
1273
1202
1183
1153
1227
1264
1250
1316
1359
1371
1458
1506
1488
1541
1536
1476
1395
1284
1164
1012
891
795
703
835
1026
1255
1657
1956
2188
2427
2440
2346
2237
2091
1848
1663
1505
1370
1344
1322
1369
1455
1525
1691
1844
1942
2104
2227
2297
2339
2260
2107
1935
1761
1584
1447
1331
1287
1261
1248
1305
1324
1281
1370
1417
1397
1465
1470
1486
1506
1479
1416
1335
1220
1108
987
870
786
798
916
1058
1344
1734
1948
2185
2315
2334
2202
2062
1871
1617
1471
1344
1279
1279
1294
1395
1431
1568
1740
1781
1917
2087
2115
2152
2116
2004
1821
1645
1519
1352
1248
1193
1159
1146
1189
1245
1249
1258
1299
1262
1301
1345
1341
1359
1376
1353
1305
1218
1134
1024
870
2159
2358
2285
2181
2002
1727
1595
1495
1414
1399
1396
1492
1538
1619
1758
1881
1991
2129
2194
2202
2222
2138
2003
1818
1626
1461
1337
1289
1264
1234
1253
1326
1359
1378
1439
1457
1432
1490
1507
1497
1496
1467
1403
1329
1222
1147
1027
927
874
845
944
1091
1216
1490
1854
2015
2172
2289
2190
2110
1950
1742
1547
1439
1345
1323
1335
1366
1443
1503
1606
1756
1836
1990
2092
2134
2136
2098
1940
1773
1600
1431
1308
1256
1211
1202
1205
1261
1321
1332
1367
1411
1415
1471
1504
1486
1482
1445
1388
1323
1227
1107
1027
956
929
866
906
1070
1233
1430
1773
1971
2131
2282
2249
2148
2008
1811
1650
1501
1429
1366
1383
1400
1468
1555
1635
1800
1879
1978
2072
2093
2102
2067
1942
1825
1683
1504
1395
1282
1209
1201
1192
1238
1262
1318
