1289
1202
1103
1036
988
943
930
954
980
1050
1173
1302
1431
1631
1811
1941
2030
2072
2020
1926
1778
1601
1424
1261
1175
1124
1115
1154
1237
1318
1426
1528
1673
1812
1965
2063
2147
2188
2155
2026
1906
1751
1593
1482
1402
1338
1327
1364
1419
1472
1531
1596
1620
1610
1625
1610
1566
1514
1476
1400
1344
1282
1191
1106
1042
1004
975
982
1013
1048
1130
1242
1392
1517
1712
1850
1973
2060
2095
2037
1914
1774
1654
1519
1349
1244
1186
1169
1224
1305
1367
1437
1557
1704
1819
1975
2109
2174
2216
2193
2099
1948
1805
1654
1526
1454
1410
1388
1385
1434
1494
1536
1598
1638
1640
1616
1623
1577
1522
1482
1416
1344
1268
1189
1099
1054
1031
1003
1010
1046
1086
1122
1513
1418
1365
1380
1433
1487
1519
1584
1602
1589
1581
1558
1527
1486
1441
1359
1299
1224
1162
1085
1039
1010
995
1004
1048
1066
1187
1292
1436
1562
1782
1892
1968
2037
2018
1997
1844
1709
1525
1390
1280
1243
1233
1253
1320
1393
1475
1622
1762
1872
2005
2099
2160
2180
2122
2051
1925
1794
1705
1574
1509
1472
1429
1450
1491
1543
1575
1619
1649
1625
1641
1614
1565
1519
1480
1424
1343
1276
1211
1131
1082
1064
1040
1025
1076
1115
1153
1270
1399
1518
1660
1853
1972
2057
2086
2010
1906
1801
1695
1524
1401
1319
1281
1292
1359
1421
1465
1585
1715
1813
1977
2095
2156
2188
2159
2113
1997
1876
1756
1637
1540
1508
1462
1445
1445
1492
1558
1602
1626
1645
1610
1602
1590
1530
1497
1444
1380
1324
1266
1179
1117
1078
1057
1027
1029
1059
1108
1155
1279
1404
1538
1705
1876
1957
2037
2076
2027
1912
1799
1648
1496
1391
1330
1279
1267
1326
1393
1448
1576
1676
1766
1902
2028
2116
2139
2153
2101
2032
1900
1791
1661
1546
1488
1443
1402
1437
1484
1513
1559
1618
1621
1593
1600
1573
1529
1497
1438
1368
1313
1229
1192
1142
1072
1053
1024
1007
1060
1084
1122
1190
1316
1450
1602
1778
1897
1997
2044
2023
1962
1852
1691
1552
1399
1298
1278
1256
1281
1329
1411
1482
1614
1734
1842
1965
2067
2124
2146
2107
2018
1903
1802
1729
1598
1515
1455
1416
1417
1429
1481
1521
1560
1598
1588
1572
1571
1529
1474
1447
1398
1336
1278
1182
1138
1071
1028
1016
989
1019
1047
1101
1179
1310
1399
1513
1699
1840
1935
2002
2001
1927
1835
1725
1565
1423
1302
1266
1216
1260
1306
1366
1419
1538
1669
1773
1912
2030
2093
2123
2123
2063
1937
1829
1713
1584
1510
1446
1406
1407
1452
1491
1525
1567
1583
1566
1559
1544
1490
1462
1421
1364
1309
1231
1172
1094
1039
1016
989
989
1028
1071
1105
1228
1366
1470
1654
1781
1883
1978
2019
1968
1865
1721
1603
1477
1347
1268
1240
1216
1278
1331
1377
1431
1569
1676
1799
1960
2047
2085
2094
2078
1972
1860
1748
1619
1492
1417
1370
1339
1337
1375
1418
1457
1501
1504
1493
1481
1473
1435
1388
1359
1310
1230
1190
1115
1054
982
948
917
907
942
984
1018
1098
1243
1358
1480
1681
1825
1915
1991
1997
1922
1807
1679
1519
1377
1295
1258
1238
1263
1343
1415
1478
1620
1712
1810
1970
2110
2162
2197
2174
2086
1975
1859
1747
1613
1538
1493
1453
1462
1500
1539
1585
1631
1637
1622
1610
1603
1579
1529
1496
1449
1356
1301
1233
1158
1109
1084
1048
1045
1081
1107
1156
1236
1328
1445
1596
1791
1920
2012
2062
2078
2025
1909
1765
1604
1442
1353
1302
1293
1279
1357
1436
1493
1602
1729
1845
1972
2078
2153
2192
2183
2099
1979
1843
1739
1636
1532
1478
1435
1414
1452
1483
1519
1565
1595
1588
1559
1558
1510
1465
1451
1386
1349
1266
1215
1144
1044
1019
996
984
992
1038
1077
1137
1259
1391
1486
1655
1835
1924
2027
2028
1979
1853
1744
1606
1458
1349
1289
1279
1280
1366
1416
1458
1581
1720
1839
1989
2126
2166
2171
2199
2149
2029
1908
1779
1635
1556
1509
1454
1452
1481
1525
1557
1578
1624
1608
1586
1577
1561
1516
1483
1433
1383
1301
1249
1174
1095
1053
1030
999
1020
1068
1085
1125
1264
1402
1515
1721
1849
1955
2049
2088
2028
1903
1770
1629
1488
1369
1324
1297
1311
1369
1436
1488
1571
1695
1838
1973
2135
2204
2232
2212
2161
2048
1906
1771
1632
1551
1496
1468
1448
1481
1523
1553
1589
1615
1593
1586
1580
1567
1517
1457
1426
1364
1257
1224
1167
1077
1026
1004
983
997
1035
1074
1100
1209
1310
1447
1609
1817
1918
2001
2036
2043
1937
1792
1686
1524
1388
1323
1279
1258
1322
1391
1446
1540
1681
1780
1886
2056
2165
2205
2229
2153
2034
1929
1793
1659
1541
1482
1435
1406
1434
1461
1490
1500
1542
1555
1514
1494
1484
1432
1391
1353
1274
1217
1126
1068
988
937
910
892
891
923
953
977
1064
1179
1282
1441
1659
1743
1865
1927
1884
1827
1699
1548
1384
1264
1187
1138
1123
1158
1222
1282
1346
1493
1617
1746
1881
1957
2046
2091
2065
1969
1829
1709
1601
1499
1391
1330
1299
1290
1306
1358
1366
1408
1449
1432
1407
1392
1366
1324
1292
1251
1185
1129
1040
962
902
853
848
837
843
896
918
972
1117
1228
1355
1544
1717
1831
1924
1940
1880
1759
1652
1510
1324
1243
1189
1168
1178
1254
1301
1360
1489
1628
1732
1916
2051
2125
2156
2158
2092
1963
1832
1705
1551
1484
1432
1403
1393
1431
1476
1505
1557
1590
1579
1555
1551
1521
1478
1447
1414
1344
1293
1221
1144
1064
1043
1017
1016
1044
1082
1112
1175
1284
1422
1561
1768
1876
2005
2088
2160
2099
1976
1857
1724
1575
1475
1409
1345
1387
1412
1501
1544
1642
1748
1879
2001
2176
2269
2307
2316
2246
2130
2010
1879
1731
1622
1539
1513
1498
1519
1557
1580
1621
1645
1623
1586
1591
1566
1501
